0,00000E+0	2,99486E+0	0,00000E+0	9,38451E+0	9,40385E+0
1,00000E-3	2,98976E+0	1,00000E+0	-2,97763E+1	6,40890E+0
2,00000E-3	2,99613E+0	2,00000E+0	-3,61755E+1	-4,43866E+1
3,00000E-3	2,99231E+0	3,00000E+0	-3,97682E+1	-5,72585E+1
4,00000E-3	2,99486E+0	4,00000E+0	-4,22923E+1	-6,56881E+1
5,00000E-3	2,99613E+0	5,00000E+0	-4,42460E+1	-7,01173E+1
6,00000E-3	2,98976E+0	6,00000E+0	-4,57623E+1	-7,54890E+1
7,00000E-3	2,99358E+0	7,00000E+0	-4,71172E+1	-7,56970E+1
8,00000E-3	2,99358E+0	8,00000E+0	-4,83996E+1	-8,09962E+1
9,00000E-3	2,98976E+0	9,00000E+0	-4,95041E+1	-8,04307E+1
1,00000E-2	2,99486E+0	1,00000E+1	-5,02713E+1	-8,26178E+1
1,10000E-2	2,98976E+0	1,10000E+1	-5,09263E+1	-8,98572E+1
1,20000E-2	2,99486E+0	1,20000E+1	-5,18420E+1	-7,75390E+1
1,30000E-2	2,99231E+0	1,30000E+1	-5,23448E+1	-8,03984E+1
1,40000E-2	2,99358E+0	1,40000E+1	-5,31527E+1	-8,26548E+1
1,50000E-2	2,99486E+0	1,50000E+1	-5,34687E+1	-8,48997E+1
1,60000E-2	2,98976E+0	1,60000E+1	-5,42716E+1	-7,76979E+1
1,70000E-2	2,99358E+0	1,70000E+1	-5,47892E+1	-7,59604E+1
1,80000E-2	2,99358E+0	1,80000E+1	-5,49752E+1	-8,04705E+1
1,90000E-2	2,99231E+0	1,90000E+1	-5,56527E+1	-9,00912E+1
2,00000E-2	2,99486E+0	2,00000E+1	-5,61937E+1	-8,79746E+1
2,10000E-2	2,98976E+0	2,10000E+1	-5,66914E+1	-8,11001E+1
2,20000E-2	2,99358E+0	2,20000E+1	-5,63948E+1	-8,02047E+1
2,30000E-2	2,99104E+0	2,30000E+1	-5,72465E+1	-9,56133E+1
2,40000E-2	2,98976E+0	2,40000E+1	-5,81442E+1	-8,28074E+1
2,50000E-2	2,99486E+0	2,50000E+1	-5,81002E+1	-8,95513E+1
2,60000E-2	2,99104E+0	2,60000E+1	-5,82328E+1	-8,17205E+1
2,70000E-2	2,98976E+0	2,70000E+1	-5,94115E+1	-8,09171E+1
2,80000E-2	2,99486E+0	2,80000E+1	-5,91927E+1	-8,10096E+1
2,90000E-2	2,99104E+0	2,90000E+1	-5,93845E+1	-1,00337E+2
3,00000E-2	2,99231E+0	3,00000E+1	-5,93601E+1	-7,89215E+1
3,10000E-2	2,99613E+0	3,10000E+1	-5,91977E+1	-7,74194E+1
3,20000E-2	2,98976E+0	3,20000E+1	-6,08653E+1	-7,85479E+1
3,30000E-2	2,99231E+0	3,30000E+1	-6,04337E+1	-9,05171E+1
3,40000E-2	2,99358E+0	3,40000E+1	-6,01379E+1	-8,04198E+1
3,50000E-2	2,98976E+0	3,50000E+1	-6,15807E+1	-7,80092E+1
3,60000E-2	2,99486E+0	3,60000E+1	-6,10081E+1	-7,64418E+1
3,70000E-2	2,98976E+0	3,70000E+1	-6,21714E+1	-7,89914E+1
3,80000E-2	2,99104E+0	3,80000E+1	-6,17854E+1	-8,65773E+1
3,90000E-2	2,99231E+0	3,90000E+1	-6,20867E+1	-8,83650E+1
4,00000E-2	2,99231E+0	4,00000E+1	-6,26801E+1	-8,48463E+1
4,10000E-2	2,99358E+0	4,10000E+1	-6,19467E+1	-8,43058E+1
4,20000E-2	2,98976E+0	4,20000E+1	-6,18033E+1	-8,95430E+1
4,30000E-2	2,99613E+0	4,30000E+1	-6,20706E+1	-8,24118E+1
4,40000E-2	2,98849E+0	4,40000E+1	-6,41411E+1	-7,94278E+1
4,50000E-2	2,99358E+0	4,50000E+1	-6,36459E+1	-8,52582E+1
4,60000E-2	2,99358E+0	4,60000E+1	-6,27143E+1	-7,98982E+1
4,70000E-2	2,98849E+0	4,70000E+1	-6,40074E+1	-8,88855E+1
4,80000E-2	2,99486E+0	4,80000E+1	-6,44570E+1	-8,41468E+1
4,90000E-2	2,98849E+0	4,90000E+1	-6,35818E+1	-7,98021E+1
5,00000E-2	2,99358E+0	5,00000E+1	-6,54877E+1	-7,93554E+1
5,10000E-2	2,99231E+0	5,10000E+1	-6,42865E+1	-8,88623E+1
5,20000E-2	2,99231E+0	5,20000E+1	-6,40138E+1	-8,93604E+1
5,30000E-2	2,99104E+0	5,30000E+1	-6,46824E+1	-9,20405E+1
5,40000E-2	2,98976E+0	5,40000E+1	-6,47336E+1	-8,50995E+1
5,50000E-2	2,99486E+0	5,50000E+1	-6,65082E+1	-8,16840E+1
5,60000E-2	2,99231E+0	5,60000E+1	-6,57288E+1	-9,72644E+1
5,70000E-2	2,99104E+0	5,70000E+1	-6,48672E+1	-8,31985E+1
5,80000E-2	2,99231E+0	5,80000E+1	-6,59922E+1	-8,33324E+1
5,90000E-2	2,98849E+0	5,90000E+1	-6,50603E+1	-8,74793E+1
6,00000E-2	2,99486E+0	6,00000E+1	-6,52453E+1	-9,96338E+1
6,10000E-2	2,98849E+0	6,10000E+1	-6,56745E+1	-9,25075E+1
6,20000E-2	2,99104E+0	6,20000E+1	-6,54613E+1	-9,54716E+1
6,30000E-2	2,99104E+0	6,30000E+1	-6,50464E+1	-8,29223E+1
6,40000E-2	2,98976E+0	6,40000E+1	-6,68396E+1	-8,07490E+1
6,50000E-2	2,99486E+0	6,50000E+1	-6,54059E+1	-8,01418E+1
6,60000E-2	2,99231E+0	6,60000E+1	-6,70662E+1	-7,63433E+1
6,70000E-2	2,99104E+0	6,70000E+1	-6,56307E+1	-7,71423E+1
6,80000E-2	2,99358E+0	6,80000E+1	-6,69815E+1	-8,48965E+1
6,90000E-2	2,98849E+0	6,90000E+1	-6,67211E+1	-8,25289E+1
7,00000E-2	2,99231E+0	7,00000E+1	-6,65343E+1	-7,85827E+1
7,10000E-2	2,99231E+0	7,10000E+1	-6,75540E+1	-8,67175E+1
7,20000E-2	2,98849E+0	7,20000E+1	-6,81943E+1	-8,49103E+1
7,30000E-2	2,99486E+0	7,30000E+1	-6,65242E+1	-8,89522E+1
7,40000E-2	2,99231E+0	7,40000E+1	-6,62976E+1	-8,77761E+1
7,50000E-2	2,99104E+0	7,50000E+1	-6,76318E+1	-8,52547E+1
7,60000E-2	2,99486E+0	7,60000E+1	-6,68809E+1	-8,36573E+1
7,70000E-2	2,98849E+0	7,70000E+1	-6,88716E+1	-8,02873E+1
7,80000E-2	2,99104E+0	7,80000E+1	-6,67089E+1	-8,27360E+1
7,90000E-2	2,99104E+0	7,90000E+1	-6,72490E+1	-8,27426E+1
8,00000E-2	2,99104E+0	8,00000E+1	-6,94350E+1	-7,87292E+1
8,10000E-2	2,99358E+0	8,10000E+1	-6,72981E+1	-8,39067E+1
8,20000E-2	2,98849E+0	8,20000E+1	-6,74327E+1	-8,28439E+1
8,30000E-2	2,99104E+0	8,30000E+1	-6,94674E+1	-8,42246E+1
8,40000E-2	2,98976E+0	8,40000E+1	-6,87577E+1	-8,60939E+1
8,50000E-2	2,98849E+0	8,50000E+1	-6,77391E+1	-8,08706E+1
8,60000E-2	2,99486E+0	8,60000E+1	-7,11098E+1	-8,20649E+1
8,70000E-2	2,99104E+0	8,70000E+1	-7,03162E+1	-8,34876E+1
8,80000E-2	2,99104E+0	8,80000E+1	-6,86915E+1	-8,65702E+1
8,90000E-2	2,99358E+0	8,90000E+1	-6,79153E+1	-8,36502E+1
9,00000E-2	2,98849E+0	9,00000E+1	-6,93291E+1	-8,59207E+1
9,10000E-2	2,99104E+0	9,10000E+1	-7,22153E+1	-7,92518E+1
9,20000E-2	2,99358E+0	9,20000E+1	-6,87832E+1	-8,36260E+1
9,30000E-2	2,98976E+0	9,30000E+1	-6,87618E+1	-9,26106E+1
9,40000E-2	2,99104E+0	9,40000E+1	-6,78781E+1	-9,60651E+1
9,50000E-2	2,98976E+0	9,50000E+1	-6,76843E+1	-8,86237E+1
9,60000E-2	2,98849E+0	9,60000E+1	-6,89179E+1	-8,97067E+1
9,70000E-2	2,99486E+0	9,70000E+1	-7,00953E+1	-8,94337E+1
9,80000E-2	2,98976E+0	9,80000E+1	-7,02781E+1	-8,21274E+1
9,90000E-2	2,98976E+0	9,90000E+1	-7,05395E+1	-8,26687E+1
1,00000E-1	2,99358E+0	1,00000E+2	-7,03201E+1	-9,27511E+1
1,01000E-1	2,98849E+0	1,01000E+2	-6,88473E+1	-8,41265E+1
1,02000E-1	2,99358E+0	1,02000E+2	-7,00458E+1	-8,38919E+1
1,03000E-1	2,99104E+0	1,03000E+2	-6,88079E+1	-8,35831E+1
1,04000E-1	2,98976E+0	1,04000E+2	-7,08374E+1	-8,48039E+1
1,05000E-1	2,99358E+0	1,05000E+2	-7,02947E+1	-8,48345E+1
1,06000E-1	2,98849E+0	1,06000E+2	-6,89674E+1	-8,71054E+1
1,07000E-1	2,98976E+0	1,07000E+2	-6,96475E+1	-9,80296E+1
1,08000E-1	2,99104E+0	1,08000E+2	-7,02652E+1	-8,17749E+1
1,09000E-1	2,98849E+0	1,09000E+2	-6,88005E+1	-8,18034E+1
1,10000E-1	2,99358E+0	1,10000E+2	-6,98538E+1	-9,14992E+1
1,11000E-1	2,98722E+0	1,11000E+2	-7,05188E+1	-9,26416E+1
1,12000E-1	2,98976E+0	1,12000E+2	-7,04920E+1	-9,51996E+1
1,13000E-1	2,99358E+0	1,13000E+2	-7,13042E+1	-8,97351E+1
1,14000E-1	2,98722E+0	1,14000E+2	-7,02955E+1	-8,87128E+1
1,15000E-1	2,99231E+0	1,15000E+2	-7,14313E+1	-9,18628E+1
1,16000E-1	2,98976E+0	1,16000E+2	-7,10972E+1	-8,81554E+1
1,17000E-1	2,98976E+0	1,17000E+2	-7,20812E+1	-8,50186E+1
1,18000E-1	2,99231E+0	1,18000E+2	-7,12500E+1	-8,04347E+1
1,19000E-1	2,98849E+0	1,19000E+2	-7,15326E+1	-7,84617E+1
1,20000E-1	2,98976E+0	1,20000E+2	-7,11330E+1	-8,31926E+1
1,21000E-1	2,98976E+0	1,21000E+2	-7,20438E+1	-9,47696E+1
1,22000E-1	2,98976E+0	1,22000E+2	-7,21219E+1	-8,00911E+1
1,23000E-1	2,99486E+0	1,23000E+2	-7,29162E+1	-7,75801E+1
1,24000E-1	2,98722E+0	1,24000E+2	-7,04358E+1	-8,11080E+1
1,25000E-1	2,98976E+0	1,25000E+2	-7,16948E+1	-1,01905E+2
1,26000E-1	2,98976E+0	1,26000E+2	-7,29606E+1	-8,59898E+1
1,27000E-1	2,98849E+0	1,27000E+2	-7,07517E+1	-8,28782E+1
1,28000E-1	2,99231E+0	1,28000E+2	-7,31015E+1	-8,23730E+1
1,29000E-1	2,98722E+0	1,29000E+2	-7,15050E+1	-8,49125E+1
1,30000E-1	2,98976E+0	1,30000E+2	-7,34053E+1	-8,45791E+1
1,31000E-1	2,98976E+0	1,31000E+2	-7,11701E+1	-8,75838E+1
1,32000E-1	2,98722E+0	1,32000E+2	-7,17363E+1	-9,36590E+1
1,33000E-1	2,99358E+0	1,33000E+2	-7,12323E+1	-8,16377E+1
1,34000E-1	2,98976E+0	1,34000E+2	-7,46666E+1	-8,39265E+1
1,35000E-1	2,98976E+0	1,35000E+2	-7,55436E+1	-8,69677E+1
1,36000E-1	2,99231E+0	1,36000E+2	-7,27625E+1	-1,18078E+2
1,37000E-1	2,98722E+0	1,37000E+2	-7,07290E+1	-8,57620E+1
1,38000E-1	2,99104E+0	1,38000E+2	-7,20847E+1	-9,27726E+1
1,39000E-1	2,98976E+0	1,39000E+2	-7,28503E+1	-8,68309E+1
1,40000E-1	2,98849E+0	1,40000E+2	-7,45434E+1	-8,23358E+1
1,41000E-1	2,99104E+0	1,41000E+2	-7,09422E+1	-7,90584E+1
1,42000E-1	2,98594E+0	1,42000E+2	-7,60252E+1	-8,04565E+1
1,43000E-1	2,98849E+0	1,43000E+2	-7,31433E+1	-8,98428E+1
1,44000E-1	2,98849E+0	1,44000E+2	-7,23490E+1	-8,06892E+1
1,45000E-1	2,98594E+0	1,45000E+2	-7,15728E+1	-7,88127E+1
1,46000E-1	2,98976E+0	1,46000E+2	-7,70310E+1	-8,05032E+1
1,47000E-1	2,98849E+0	1,47000E+2	-7,33177E+1	-8,20890E+1
1,48000E-1	2,98594E+0	1,48000E+2	-7,46462E+1	-8,50902E+1
1,49000E-1	2,99104E+0	1,49000E+2	-7,21959E+1	-8,73777E+1
1,50000E-1	2,98849E+0	1,50000E+2	-7,11274E+1	-8,28852E+1
1,51000E-1	2,98976E+0	1,51000E+2	-7,31957E+1	-8,99361E+1
1,52000E-1	2,99231E+0	1,52000E+2	-7,32821E+1	-9,04708E+1
1,53000E-1	2,98594E+0	1,53000E+2	-7,16021E+1	-8,09544E+1
1,54000E-1	2,99104E+0	1,54000E+2	-7,16627E+1	-8,01921E+1
1,55000E-1	2,98849E+0	1,55000E+2	-7,52452E+1	-8,24998E+1
1,56000E-1	2,98849E+0	1,56000E+2	-7,23441E+1	-8,12374E+1
1,57000E-1	2,98849E+0	1,57000E+2	-7,57413E+1	-8,59578E+1
1,58000E-1	2,98594E+0	1,58000E+2	-7,56897E+1	-9,03644E+1
1,59000E-1	2,99104E+0	1,59000E+2	-7,23239E+1	-7,99504E+1
1,60000E-1	2,98849E+0	1,60000E+2	-7,38719E+1	-7,98037E+1
1,61000E-1	2,98849E+0	1,61000E+2	-7,52240E+1	-8,06153E+1
1,62000E-1	2,98849E+0	1,62000E+2	-7,74357E+1	-7,66641E+1
1,63000E-1	2,98722E+0	1,63000E+2	-7,08508E+1	-7,80340E+1
1,64000E-1	2,98976E+0	1,64000E+2	-7,29596E+1	-8,84303E+1
1,65000E-1	2,98467E+0	1,65000E+2	-7,29373E+1	-8,77526E+1
1,66000E-1	2,98849E+0	1,66000E+2	-7,54940E+1	-8,35979E+1
1,67000E-1	2,98849E+0	1,67000E+2	-7,55095E+1	-8,18506E+1
1,68000E-1	2,98594E+0	1,68000E+2	-7,82172E+1	-8,88704E+1
1,69000E-1	2,99104E+0	1,69000E+2	-7,69197E+1	-9,04495E+1
1,70000E-1	2,98722E+0	1,70000E+2	-7,48223E+1	-8,56372E+1
1,71000E-1	2,98849E+0	1,71000E+2	-7,77500E+1	-8,56637E+1
1,72000E-1	2,98849E+0	1,72000E+2	-7,54880E+1	-8,59909E+1
1,73000E-1	2,98467E+0	1,73000E+2	-7,27459E+1	-8,48430E+1
1,74000E-1	2,98976E+0	1,74000E+2	-7,43204E+1	-8,66682E+1
1,75000E-1	2,98849E+0	1,75000E+2	-7,47957E+1	-8,06460E+1
1,76000E-1	2,98849E+0	1,76000E+2	-7,34634E+1	-8,26110E+1
1,77000E-1	2,98976E+0	1,77000E+2	-7,39401E+1	-8,26997E+1
1,78000E-1	2,98467E+0	1,78000E+2	-7,39357E+1	-8,22041E+1
1,79000E-1	2,98976E+0	1,79000E+2	-7,86903E+1	-8,19378E+1
1,80000E-1	2,98849E+0	1,80000E+2	-7,46651E+1	-8,77331E+1
1,81000E-1	2,98849E+0	1,81000E+2	-7,38779E+1	-8,58604E+1
1,82000E-1	2,98722E+0	1,82000E+2	-7,74844E+1	-8,02371E+1
1,83000E-1	2,98849E+0	1,83000E+2	-7,58858E+1	-8,24221E+1
1,84000E-1	2,98849E+0	1,84000E+2	-7,30023E+1	-8,44698E+1
1,85000E-1	2,98340E+0	1,85000E+2	-7,40919E+1	-8,55976E+1
1,86000E-1	2,98722E+0	1,86000E+2	-8,00037E+1	-7,81369E+1
1,87000E-1	2,98594E+0	1,87000E+2	-7,25155E+1	-8,20408E+1
1,88000E-1	2,98467E+0	1,88000E+2	-7,32007E+1	-9,08839E+1
1,89000E-1	2,98976E+0	1,89000E+2	-7,57197E+1	-8,26740E+1
1,90000E-1	2,98467E+0	1,90000E+2	-7,66246E+1	-8,77553E+1
1,91000E-1	2,98722E+0	1,91000E+2	-7,85353E+1	-9,00361E+1
1,92000E-1	2,98976E+0	1,92000E+2	-7,97979E+1	-8,45224E+1
1,93000E-1	2,98340E+0	1,93000E+2	-7,39662E+1	-7,95904E+1
1,94000E-1	2,98849E+0	1,94000E+2	-7,68323E+1	-9,10878E+1
1,95000E-1	2,98722E+0	1,95000E+2	-7,83652E+1	-8,11060E+1
1,96000E-1	2,98722E+0	1,96000E+2	-7,18768E+1	-7,66692E+1
1,97000E-1	2,98849E+0	1,97000E+2	-7,74479E+1	-7,72860E+1
1,98000E-1	2,98340E+0	1,98000E+2	-7,24214E+1	-7,84939E+1
1,99000E-1	2,98722E+0	1,99000E+2	-7,47099E+1	-8,16814E+1
2,00000E-1	2,98722E+0	2,00000E+2	-7,95033E+1	-7,80528E+1
2,01000E-1	2,98722E+0	2,01000E+2	-7,10657E+1	-7,56423E+1
2,02000E-1	2,98976E+0	2,02000E+2	-7,69505E+1	-7,70207E+1
2,03000E-1	2,98340E+0	2,03000E+2	-7,32024E+1	-7,97613E+1
2,04000E-1	2,98594E+0	2,04000E+2	-7,68556E+1	-8,42528E+1
2,05000E-1	2,98722E+0	2,05000E+2	-7,53461E+1	-8,50498E+1
2,06000E-1	2,98594E+0	2,06000E+2	-7,30973E+1	-8,54682E+1
2,07000E-1	2,98849E+0	2,07000E+2	-7,45199E+1	-8,43303E+1
2,08000E-1	2,98340E+0	2,08000E+2	-8,20268E+1	-7,95707E+1
2,09000E-1	2,98722E+0	2,09000E+2	-7,88982E+1	-9,35907E+1
2,10000E-1	2,98467E+0	2,10000E+2	-7,44492E+1	-8,43493E+1
2,11000E-1	2,98340E+0	2,11000E+2	-7,61531E+1	-1,02253E+2
2,12000E-1	2,98849E+0	2,12000E+2	-7,76296E+1	-8,51060E+1
2,13000E-1	2,98212E+0	2,13000E+2	-7,77496E+1	-9,25942E+1
2,14000E-1	2,98594E+0	2,14000E+2	-7,44262E+1	-8,39859E+1
2,15000E-1	2,98849E+0	2,15000E+2	-7,47537E+1	-8,96364E+1
2,16000E-1	2,98212E+0	2,16000E+2	-7,29490E+1	-8,14130E+1
2,17000E-1	2,98467E+0	2,17000E+2	-7,97734E+1	-8,05632E+1
2,18000E-1	2,98467E+0	2,18000E+2	-7,46177E+1	-8,24655E+1
2,19000E-1	2,98467E+0	2,19000E+2	-7,51308E+1	-1,02354E+2
2,20000E-1	2,98722E+0	2,20000E+2	-7,41228E+1	-8,36796E+1
2,21000E-1	2,98085E+0	2,21000E+2	-7,99310E+1	-8,27142E+1
2,22000E-1	2,98467E+0	2,22000E+2	-7,65188E+1	-8,66750E+1
2,23000E-1	2,98467E+0	2,23000E+2	-7,77793E+1	-8,37450E+1
2,24000E-1	2,98212E+0	2,24000E+2	-7,50358E+1	-8,19813E+1
2,25000E-1	2,98467E+0	2,25000E+2	-8,02842E+1	-8,38596E+1
2,26000E-1	2,98594E+0	2,26000E+2	-7,87514E+1	-8,14971E+1
2,27000E-1	2,98212E+0	2,27000E+2	-7,37437E+1	-7,98518E+1
2,28000E-1	2,98722E+0	2,28000E+2	-7,76834E+1	-8,44249E+1
2,29000E-1	2,98467E+0	2,29000E+2	-7,50867E+1	-8,49601E+1
2,30000E-1	2,98340E+0	2,30000E+2	-7,70317E+1	-8,50133E+1
2,31000E-1	2,98340E+0	2,31000E+2	-7,57910E+1	-9,73976E+1
2,32000E-1	2,98085E+0	2,32000E+2	-7,59152E+1	-1,08584E+2
2,33000E-1	2,98722E+0	2,33000E+2	-7,54958E+1	-8,99466E+1
2,34000E-1	2,98467E+0	2,34000E+2	-7,79864E+1	-8,02516E+1
2,35000E-1	2,98467E+0	2,35000E+2	-7,45630E+1	-7,79918E+1
2,36000E-1	2,98467E+0	2,36000E+2	-7,63211E+1	-8,06672E+1
2,37000E-1	2,98467E+0	2,37000E+2	-7,79488E+1	-8,49480E+1
2,38000E-1	2,98467E+0	2,38000E+2	-7,49150E+1	-9,14587E+1
2,39000E-1	2,98722E+0	2,39000E+2	-7,44714E+1	-9,82982E+1
2,40000E-1	2,98085E+0	2,40000E+2	-7,34025E+1	-8,46171E+1
2,41000E-1	2,98467E+0	2,41000E+2	-7,72564E+1	-8,55457E+1
2,42000E-1	2,98340E+0	2,42000E+2	-8,19944E+1	-8,41981E+1
2,43000E-1	2,98085E+0	2,43000E+2	-8,01618E+1	-8,73090E+1
2,44000E-1	2,98722E+0	2,44000E+2	-8,53964E+1	-7,87068E+1
2,45000E-1	2,98340E+0	2,45000E+2	-7,48197E+1	-8,22160E+1
2,46000E-1	2,98340E+0	2,46000E+2	-7,47384E+1	-8,59693E+1
2,47000E-1	2,98594E+0	2,47000E+2	-7,93917E+1	-8,79803E+1
2,48000E-1	2,98340E+0	2,48000E+2	-8,42532E+1	-8,16778E+1
2,49000E-1	2,98340E+0	2,49000E+2	-7,61334E+1	-8,10962E+1
2,50000E-1	2,98594E+0	2,50000E+2	-7,64513E+1	-8,39404E+1
2,51000E-1	2,97958E+0	2,51000E+2	-7,40837E+1	-8,28367E+1
2,52000E-1	2,98340E+0	2,52000E+2	-7,58165E+1	-8,48439E+1
2,53000E-1	2,98085E+0	2,53000E+2	-7,65402E+1	-9,87428E+1
2,54000E-1	2,97958E+0	2,54000E+2	-7,57376E+1	-8,13707E+1
2,55000E-1	2,98212E+0	2,55000E+2	-8,40218E+1	-7,83530E+1
2,56000E-1	2,98212E+0	2,56000E+2	-7,45072E+1	-8,13016E+1
2,57000E-1	2,98085E+0	2,57000E+2	-7,47548E+1	-8,10967E+1
2,58000E-1	2,98467E+0	2,58000E+2	-7,48449E+1	-8,32131E+1
2,59000E-1	2,98085E+0	2,59000E+2	-7,55265E+1	-8,16998E+1
2,60000E-1	2,98340E+0	2,60000E+2	-7,43593E+1	-7,80549E+1
2,61000E-1	2,98467E+0	2,61000E+2	-8,01266E+1	-7,68901E+1
2,62000E-1	2,97958E+0	2,62000E+2	-7,42486E+1	-7,83443E+1
2,63000E-1	2,98594E+0	2,63000E+2	-7,96933E+1	-8,36586E+1
2,64000E-1	2,98212E+0	2,64000E+2	-7,86727E+1	-1,13034E+2
2,65000E-1	2,98212E+0	2,65000E+2	-7,73902E+1	-8,91629E+1
2,66000E-1	2,98467E+0	2,66000E+2	-7,98888E+1	-9,05945E+1
2,67000E-1	2,97830E+0	2,67000E+2	-7,76825E+1	-9,71614E+1
2,68000E-1	2,98467E+0	2,68000E+2	-7,73353E+1	-8,36882E+1
2,69000E-1	2,98085E+0	2,69000E+2	-7,44868E+1	-8,31829E+1
2,70000E-1	2,98212E+0	2,70000E+2	-7,60563E+1	-9,58565E+1
2,71000E-1	2,98467E+0	2,71000E+2	-7,67703E+1	-9,08824E+1
2,72000E-1	2,98085E+0	2,72000E+2	-7,76905E+1	-9,13649E+1
2,73000E-1	2,98340E+0	2,73000E+2	-8,02533E+1	-8,16770E+1
2,74000E-1	2,98467E+0	2,74000E+2	-8,01501E+1	-8,44848E+1
2,75000E-1	2,97830E+0	2,75000E+2	-7,75498E+1	-9,32243E+1
2,76000E-1	2,98212E+0	2,76000E+2	-7,69470E+1	-9,22261E+1
2,77000E-1	2,98212E+0	2,77000E+2	-7,97329E+1	-8,34177E+1
2,78000E-1	2,98085E+0	2,78000E+2	-7,45715E+1	-7,95207E+1
2,79000E-1	2,97958E+0	2,79000E+2	-7,61729E+1	-8,30307E+1
2,80000E-1	2,97703E+0	2,80000E+2	-7,69929E+1	-9,74017E+1
2,81000E-1	2,98085E+0	2,81000E+2	-7,95449E+1	-8,50076E+1
2,82000E-1	2,97958E+0	2,82000E+2	-7,48499E+1	-8,32732E+1
2,83000E-1	2,97958E+0	2,83000E+2	-7,68226E+1	-8,55520E+1
2,84000E-1	2,98467E+0	2,84000E+2	-7,74901E+1	-9,89015E+1
2,85000E-1	2,97830E+0	2,85000E+2	-7,91837E+1	-9,13780E+1
2,86000E-1	2,98085E+0	2,86000E+2	-7,69767E+1	-8,89612E+1
2,87000E-1	2,98085E+0	2,87000E+2	-7,93416E+1	-8,73212E+1
2,88000E-1	2,97830E+0	2,88000E+2	-7,57826E+1	-8,70431E+1
2,89000E-1	2,98340E+0	2,89000E+2	-7,33997E+1	-8,20612E+1
2,90000E-1	2,97703E+0	2,90000E+2	-7,81115E+1	-8,83422E+1
2,91000E-1	2,97958E+0	2,91000E+2	-7,89192E+1	-8,26817E+1
2,92000E-1	2,97958E+0	2,92000E+2	-7,82163E+1	-8,75923E+1
2,93000E-1	2,97830E+0	2,93000E+2	-7,48556E+1	-8,62591E+1
2,94000E-1	2,98212E+0	2,94000E+2	-7,69408E+1	-9,60885E+1
2,95000E-1	2,97958E+0	2,95000E+2	-7,73901E+1	-1,02609E+2
2,96000E-1	2,97958E+0	2,96000E+2	-7,85463E+1	-8,74773E+1
2,97000E-1	2,98085E+0	2,97000E+2	-7,52355E+1	-8,27339E+1
2,98000E-1	2,97575E+0	2,98000E+2	-8,08559E+1	-8,47697E+1
2,99000E-1	2,97830E+0	2,99000E+2	-7,92853E+1	-9,19902E+1
3,00000E-1	2,97830E+0	3,00000E+2	-7,72552E+1	-9,88485E+1
3,01000E-1	2,97958E+0	3,01000E+2	-7,58414E+1	-9,21973E+1
3,02000E-1	2,98085E+0	3,02000E+2	-7,70304E+1	-9,57193E+1
3,03000E-1	2,97575E+0	3,03000E+2	-7,83437E+1	-8,90949E+1
3,04000E-1	2,97830E+0	3,04000E+2	-7,51855E+1	-7,77293E+1
3,05000E-1	2,98085E+0	3,05000E+2	-8,16263E+1	-8,03997E+1
3,06000E-1	2,97703E+0	3,06000E+2	-7,71282E+1	-8,90034E+1
3,07000E-1	2,98085E+0	3,07000E+2	-7,78399E+1	-9,38812E+1
3,08000E-1	2,97830E+0	3,08000E+2	-7,77591E+1	-8,53454E+1
3,09000E-1	2,97830E+0	3,09000E+2	-8,26228E+1	-8,91937E+1
3,10000E-1	2,98212E+0	3,10000E+2	-8,12875E+1	-8,47361E+1
3,11000E-1	2,97575E+0	3,11000E+2	-7,74953E+1	-8,15843E+1
3,12000E-1	2,97830E+0	3,12000E+2	-7,61702E+1	-8,24913E+1
3,13000E-1	2,97830E+0	3,13000E+2	-8,08719E+1	-8,72586E+1
3,14000E-1	2,97448E+0	3,14000E+2	-8,04818E+1	-9,35786E+1
3,15000E-1	2,97958E+0	3,15000E+2	-7,79364E+1	-8,51377E+1
3,16000E-1	2,97830E+0	3,16000E+2	-7,91813E+1	-8,43613E+1
3,17000E-1	2,97830E+0	3,17000E+2	-8,45056E+1	-8,78087E+1
3,18000E-1	2,97703E+0	3,18000E+2	-7,85067E+1	-8,56112E+1
3,19000E-1	2,97575E+0	3,19000E+2	-7,91406E+1	-9,03820E+1
3,20000E-1	2,97958E+0	3,20000E+2	-8,08434E+1	-8,15740E+1
3,21000E-1	2,97830E+0	3,21000E+2	-8,20657E+1	-8,41147E+1
3,22000E-1	2,97703E+0	3,22000E+2	-8,05316E+1	-9,76494E+1
3,23000E-1	2,97958E+0	3,23000E+2	-7,75559E+1	-8,59397E+1
3,24000E-1	2,97448E+0	3,24000E+2	-7,84832E+1	-8,23631E+1
3,25000E-1	2,97703E+0	3,25000E+2	-7,79470E+1	-8,54659E+1
3,26000E-1	2,97703E+0	3,26000E+2	-7,91466E+1	-9,22116E+1
3,27000E-1	2,97448E+0	3,27000E+2	-7,67174E+1	-8,44666E+1
3,28000E-1	2,97830E+0	3,28000E+2	-7,53059E+1	-7,88072E+1
3,29000E-1	2,97703E+0	3,29000E+2	-7,58927E+1	-8,56461E+1
3,30000E-1	2,97703E+0	3,30000E+2	-7,40826E+1	-8,22208E+1
3,31000E-1	2,97830E+0	3,31000E+2	-7,80234E+1	-8,18725E+1
3,32000E-1	2,97703E+0	3,32000E+2	-7,43278E+1	-8,50234E+1
3,33000E-1	2,97703E+0	3,33000E+2	-7,65138E+1	-9,45407E+1
3,34000E-1	2,97958E+0	3,34000E+2	-8,04648E+1	-8,46317E+1
3,35000E-1	2,97703E+0	3,35000E+2	-7,62691E+1	-8,26423E+1
3,36000E-1	2,97575E+0	3,36000E+2	-7,85298E+1	-9,33183E+1
3,37000E-1	2,97958E+0	3,37000E+2	-8,24914E+1	-9,18055E+1
3,38000E-1	2,97448E+0	3,38000E+2	-8,15956E+1	-9,38954E+1
3,39000E-1	2,97703E+0	3,39000E+2	-7,78038E+1	-9,61510E+1
3,40000E-1	2,97575E+0	3,40000E+2	-7,67326E+1	-8,88926E+1
3,41000E-1	2,97321E+0	3,41000E+2	-7,98866E+1	-8,39880E+1
3,42000E-1	2,97575E+0	3,42000E+2	-7,62207E+1	-7,84044E+1
3,43000E-1	2,97448E+0	3,43000E+2	-7,91678E+1	-7,77531E+1
3,44000E-1	2,97575E+0	3,44000E+2	-7,55015E+1	-8,11060E+1
3,45000E-1	2,97448E+0	3,45000E+2	-7,56683E+1	-8,37764E+1
3,46000E-1	2,97193E+0	3,46000E+2	-8,36968E+1	-8,21308E+1
3,47000E-1	2,97703E+0	3,47000E+2	-8,06849E+1	-7,85727E+1
3,48000E-1	2,97448E+0	3,48000E+2	-7,18308E+1	-7,70022E+1
3,49000E-1	2,97448E+0	3,49000E+2	-7,45051E+1	-9,76457E+1
3,50000E-1	2,97703E+0	3,50000E+2	-7,88388E+1	-8,08566E+1
3,51000E-1	2,97066E+0	3,51000E+2	-7,38813E+1	-7,76747E+1
3,52000E-1	2,97448E+0	3,52000E+2	-8,81166E+1	-7,73185E+1
3,53000E-1	2,97448E+0	3,53000E+2	-7,74585E+1	-8,73633E+1
3,54000E-1	2,97193E+0	3,54000E+2	-7,56182E+1	-8,35283E+1
3,55000E-1	2,97703E+0	3,55000E+2	-8,21362E+1	-7,83396E+1
3,56000E-1	2,97066E+0	3,56000E+2	-7,24808E+1	-7,59233E+1
3,57000E-1	2,97448E+0	3,57000E+2	-7,77951E+1	-7,80069E+1
3,58000E-1	2,97448E+0	3,58000E+2	-7,75817E+1	-8,62499E+1
3,59000E-1	2,97448E+0	3,59000E+2	-7,35191E+1	-7,54794E+1
3,60000E-1	2,97703E+0	3,60000E+2	-8,25065E+1	-7,48280E+1
3,61000E-1	2,97066E+0	3,61000E+2	-7,02574E+1	-7,48476E+1
3,62000E-1	2,97448E+0	3,62000E+2	-7,45891E+1	-7,90184E+1
3,63000E-1	2,97448E+0	3,63000E+2	-7,61164E+1	-7,62022E+1
3,64000E-1	2,97066E+0	3,64000E+2	-7,63253E+1	-7,71137E+1
3,65000E-1	2,97321E+0	3,65000E+2	-7,96072E+1	-7,80244E+1
3,66000E-1	2,96939E+0	3,66000E+2	-8,56684E+1	-8,57933E+1
3,67000E-1	2,97448E+0	3,67000E+2	-7,83959E+1	-7,49890E+1
3,68000E-1	2,97321E+0	3,68000E+2	-7,55393E+1	-7,09097E+1
3,69000E-1	2,97193E+0	3,69000E+2	-7,05925E+1	-7,00867E+1
3,70000E-1	2,97575E+0	3,70000E+2	-7,95703E+1	-7,22473E+1
3,71000E-1	2,97321E+0	3,71000E+2	-7,41701E+1	-7,36432E+1
3,72000E-1	2,97321E+0	3,72000E+2	-7,54983E+1	-7,74805E+1
3,73000E-1	2,97193E+0	3,73000E+2	-7,62795E+1	-7,72156E+1
3,74000E-1	2,97193E+0	3,74000E+2	-7,37426E+1	-7,48127E+1
3,75000E-1	2,97575E+0	3,75000E+2	-8,89670E+1	-7,77759E+1
3,76000E-1	2,96939E+0	3,76000E+2	-8,45290E+1	-8,78342E+1
3,77000E-1	2,97321E+0	3,77000E+2	-7,59330E+1	-8,01295E+1
3,78000E-1	2,97193E+0	3,78000E+2	-8,00732E+1	-7,53109E+1
3,79000E-1	2,97066E+0	3,79000E+2	-7,22291E+1	-7,18738E+1
3,80000E-1	2,97448E+0	3,80000E+2	-6,65289E+1	-6,99624E+1
3,81000E-1	2,96684E+0	3,81000E+2	-7,27425E+1	-7,38927E+1
3,82000E-1	2,97066E+0	3,82000E+2	-8,58708E+1	-7,39293E+1
3,83000E-1	2,97066E+0	3,83000E+2	-7,29613E+1	-7,40373E+1
3,84000E-1	2,96939E+0	3,84000E+2	-6,68083E+1	-6,93475E+1
3,85000E-1	2,97448E+0	3,85000E+2	-7,75838E+1	-8,04359E+1
3,86000E-1	2,96684E+0	3,86000E+2	-7,33927E+1	-6,84328E+1
3,87000E-1	2,97066E+0	3,87000E+2	-6,99101E+1	-6,42205E+1
3,88000E-1	2,97321E+0	3,88000E+2	-6,48163E+1	-6,37757E+1
3,89000E-1	2,96684E+0	3,89000E+2	-7,61905E+1	-7,29637E+1
3,90000E-1	2,97321E+0	3,90000E+2	-6,95945E+1	-7,12241E+1
3,91000E-1	2,96939E+0	3,91000E+2	-7,14534E+1	-6,81739E+1
3,92000E-1	2,96939E+0	3,92000E+2	-6,74987E+1	-6,53899E+1
3,93000E-1	2,97321E+0	3,93000E+2	-7,22547E+1	-6,60046E+1
3,94000E-1	2,97066E+0	3,94000E+2	-7,51382E+1	-7,21571E+1
3,95000E-1	2,97066E+0	3,95000E+2	-7,22203E+1	-7,15364E+1
3,96000E-1	2,97321E+0	3,96000E+2	-7,54027E+1	-7,02286E+1
3,97000E-1	2,96811E+0	3,97000E+2	-6,78303E+1	-6,78180E+1
3,98000E-1	2,97066E+0	3,98000E+2	-7,30940E+1	-7,25985E+1
3,99000E-1	2,97321E+0	3,99000E+2	-7,31950E+1	-7,92023E+1
4,00000E-1	2,96684E+0	4,00000E+2	-7,18545E+1	-7,52993E+1
4,01000E-1	2,96939E+0	4,01000E+2	-7,03670E+1	-7,37443E+1
4,02000E-1	2,96939E+0	4,02000E+2	-7,59497E+1	-6,95603E+1
4,03000E-1	2,96939E+0	4,03000E+2	-6,94448E+1	-6,92162E+1
4,04000E-1	2,97193E+0	4,04000E+2	-8,16138E+1	-8,29214E+1
4,05000E-1	2,96939E+0	4,05000E+2	-7,69153E+1	-8,07919E+1
4,06000E-1	2,96811E+0	4,06000E+2	-7,67742E+1	-7,42210E+1
4,07000E-1	2,96939E+0	4,07000E+2	-7,24806E+1	-6,79819E+1
4,08000E-1	2,96939E+0	4,08000E+2	-6,90742E+1	-6,88088E+1
4,09000E-1	2,96811E+0	4,09000E+2	-7,86618E+1	-7,51646E+1
4,10000E-1	2,97193E+0	4,10000E+2	-7,45515E+1	-7,67578E+1
4,11000E-1	2,96557E+0	4,11000E+2	-8,56199E+1	-7,66794E+1
4,12000E-1	2,96811E+0	4,12000E+2	-7,50394E+1	-7,98983E+1
4,13000E-1	2,96811E+0	4,13000E+2	-7,86627E+1	-7,97486E+1
4,14000E-1	2,96557E+0	4,14000E+2	-7,21747E+1	-7,19406E+1
4,15000E-1	2,96811E+0	4,15000E+2	-7,81666E+1	-7,02083E+1
4,16000E-1	2,96811E+0	4,16000E+2	-6,99024E+1	-7,15569E+1
4,17000E-1	2,96429E+0	4,17000E+2	-7,84792E+1	-7,89426E+1
4,18000E-1	2,96939E+0	4,18000E+2	-7,76998E+1	-8,26993E+1
4,19000E-1	2,96811E+0	4,19000E+2	-7,70578E+1	-8,06171E+1
4,20000E-1	2,96684E+0	4,20000E+2	-7,31966E+1	-8,36477E+1
4,21000E-1	2,96939E+0	4,21000E+2	-7,49535E+1	-9,04131E+1
4,22000E-1	2,96557E+0	4,22000E+2	-7,38978E+1	-7,52035E+1
4,23000E-1	2,96811E+0	4,23000E+2	-7,68113E+1	-7,12086E+1
4,24000E-1	2,96811E+0	4,24000E+2	-7,26873E+1	-7,26673E+1
4,25000E-1	2,96429E+0	4,25000E+2	-8,24896E+1	-7,40910E+1
4,26000E-1	2,96939E+0	4,26000E+2	-8,00434E+1	-8,33474E+1
4,27000E-1	2,96811E+0	4,27000E+2	-7,87953E+1	-8,45912E+1
4,28000E-1	2,96684E+0	4,28000E+2	-8,26496E+1	-8,59612E+1
4,29000E-1	2,96939E+0	4,29000E+2	-7,92260E+1	-9,18740E+1
4,30000E-1	2,96302E+0	4,30000E+2	-7,56904E+1	-8,18380E+1
4,31000E-1	2,96684E+0	4,31000E+2	-8,35992E+1	-8,28800E+1
4,32000E-1	2,96557E+0	4,32000E+2	-7,82075E+1	-8,96373E+1
4,33000E-1	2,96302E+0	4,33000E+2	-7,70124E+1	-8,42561E+1
4,34000E-1	2,96939E+0	4,34000E+2	-7,80444E+1	-8,37230E+1
4,35000E-1	2,96557E+0	4,35000E+2	-9,67024E+1	-8,02680E+1
4,36000E-1	2,96557E+0	4,36000E+2	-8,01762E+1	-8,46448E+1
4,37000E-1	2,96811E+0	4,37000E+2	-7,72612E+1	-7,95566E+1
4,38000E-1	2,96175E+0	4,38000E+2	-8,19668E+1	-8,01777E+1
4,39000E-1	2,96811E+0	4,39000E+2	-8,04849E+1	-8,41182E+1
4,40000E-1	2,96302E+0	4,40000E+2	-7,49931E+1	-8,09817E+1
4,41000E-1	2,96175E+0	4,41000E+2	-8,04904E+1	-7,94431E+1
4,42000E-1	2,96811E+0	4,42000E+2	-7,33244E+1	-7,56564E+1
4,43000E-1	2,96047E+0	4,43000E+2	-9,15141E+1	-7,57968E+1
4,44000E-1	2,96429E+0	4,44000E+2	-7,74601E+1	-7,95958E+1
4,45000E-1	2,96429E+0	4,45000E+2	-7,92494E+1	-8,48932E+1
4,46000E-1	2,96175E+0	4,46000E+2	-8,66222E+1	-8,37138E+1
4,47000E-1	2,96429E+0	4,47000E+2	-7,81595E+1	-8,82207E+1
4,48000E-1	2,96429E+0	4,48000E+2	-7,73831E+1	-1,03380E+2
4,49000E-1	2,96429E+0	4,49000E+2	-7,61561E+1	-8,21002E+1
4,50000E-1	2,96811E+0	4,50000E+2	-8,99669E+1	-7,87440E+1
4,51000E-1	2,96175E+0	4,51000E+2	-7,68478E+1	-7,85423E+1
4,52000E-1	2,96429E+0	4,52000E+2	-8,69467E+1	-8,11234E+1
4,53000E-1	2,96302E+0	4,53000E+2	-8,07125E+1	-8,92064E+1
4,54000E-1	2,96302E+0	4,54000E+2	-8,23535E+1	-9,23230E+1
4,55000E-1	2,96429E+0	4,55000E+2	-8,42183E+1	-8,45407E+1
4,56000E-1	2,95920E+0	4,56000E+2	-7,53938E+1	-7,88238E+1
4,57000E-1	2,96302E+0	4,57000E+2	-8,27669E+1	-8,17509E+1
4,58000E-1	2,96302E+0	4,58000E+2	-8,29703E+1	-8,22701E+1
4,59000E-1	2,96175E+0	4,59000E+2	-7,81063E+1	-8,13309E+1
4,60000E-1	2,96302E+0	4,60000E+2	-7,68720E+1	-8,71261E+1
4,61000E-1	2,96302E+0	4,61000E+2	-7,72194E+1	-8,84922E+1
4,62000E-1	2,96175E+0	4,62000E+2	-7,54769E+1	-8,33498E+1
4,63000E-1	2,96047E+0	4,63000E+2	-8,04728E+1	-7,63737E+1
4,64000E-1	2,95920E+0	4,64000E+2	-7,28424E+1	-7,51091E+1
4,65000E-1	2,96429E+0	4,65000E+2	-8,36115E+1	-8,05206E+1
4,66000E-1	2,96047E+0	4,66000E+2	-8,13179E+1	-9,33909E+1
4,67000E-1	2,96047E+0	4,67000E+2	-8,29305E+1	-8,51898E+1
4,68000E-1	2,96429E+0	4,68000E+2	-7,55482E+1	-8,17122E+1
4,69000E-1	2,95793E+0	4,69000E+2	-7,80357E+1	-8,76611E+1
4,70000E-1	2,96302E+0	4,70000E+2	-7,81800E+1	-8,80247E+1
4,71000E-1	2,95793E+0	4,71000E+2	-7,66251E+1	-8,26782E+1
4,72000E-1	2,96047E+0	4,72000E+2	-8,21970E+1	-8,46680E+1
4,73000E-1	2,95920E+0	4,73000E+2	-7,80703E+1	-8,74551E+1
4,74000E-1	2,95793E+0	4,74000E+2	-8,09586E+1	-9,96843E+1
4,75000E-1	2,96175E+0	4,75000E+2	-8,84649E+1	-8,42382E+1
4,76000E-1	2,95920E+0	4,76000E+2	-7,99163E+1	-8,25390E+1
4,77000E-1	2,96047E+0	4,77000E+2	-7,59058E+1	-8,06494E+1
4,78000E-1	2,96175E+0	4,78000E+2	-8,21244E+1	-8,43501E+1
4,79000E-1	2,95665E+0	4,79000E+2	-9,01577E+1	-7,99501E+1
4,80000E-1	2,95920E+0	4,80000E+2	-7,55318E+1	-8,23322E+1
4,81000E-1	2,95920E+0	4,81000E+2	-7,50316E+1	-8,48864E+1
4,82000E-1	2,95793E+0	4,82000E+2	-7,78160E+1	-8,74604E+1
4,83000E-1	2,96175E+0	4,83000E+2	-7,76282E+1	-8,93629E+1
4,84000E-1	2,95665E+0	4,84000E+2	-8,19088E+1	-7,99919E+1
4,85000E-1	2,95920E+0	4,85000E+2	-7,47334E+1	-7,94926E+1
4,86000E-1	2,95793E+0	4,86000E+2	-7,85023E+1	-8,96210E+1
4,87000E-1	2,95793E+0	4,87000E+2	-8,22085E+1	-8,74664E+1
4,88000E-1	2,96047E+0	4,88000E+2	-7,88003E+1	-8,47132E+1
4,89000E-1	2,95538E+0	4,89000E+2	-8,52772E+1	-8,37199E+1
4,90000E-1	2,95920E+0	4,90000E+2	-8,01624E+1	-8,22965E+1
4,91000E-1	2,95793E+0	4,91000E+2	-7,98664E+1	-8,99242E+1
4,92000E-1	2,95793E+0	4,92000E+2	-7,98858E+1	-9,43595E+1
4,93000E-1	2,95920E+0	4,93000E+2	-7,88091E+1	-9,17810E+1
4,94000E-1	2,95411E+0	4,94000E+2	-8,16074E+1	-8,47995E+1
4,95000E-1	2,95920E+0	4,95000E+2	-7,64720E+1	-8,01286E+1
4,96000E-1	2,95793E+0	4,96000E+2	-7,84907E+1	-8,36550E+1
4,97000E-1	2,95793E+0	4,97000E+2	-7,82605E+1	-9,20988E+1
4,98000E-1	2,95920E+0	4,98000E+2	-7,78691E+1	-9,32114E+1
4,99000E-1	2,95411E+0	4,99000E+2	-7,61705E+1	-9,29643E+1
5,00000E-1	2,95793E+0	0,00000E+0	0,00000E+0	0,00000E+0
5,01000E-1	2,95411E+0	0,00000E+0	0,00000E+0	0,00000E+0
5,02000E-1	2,95665E+0	0,00000E+0	0,00000E+0	0,00000E+0
5,03000E-1	2,95665E+0	0,00000E+0	0,00000E+0	0,00000E+0
5,04000E-1	2,95665E+0	0,00000E+0	0,00000E+0	0,00000E+0
5,05000E-1	2,95665E+0	0,00000E+0	0,00000E+0	0,00000E+0
5,06000E-1	2,95283E+0	0,00000E+0	0,00000E+0	0,00000E+0
5,07000E-1	2,95920E+0	0,00000E+0	0,00000E+0	0,00000E+0
5,08000E-1	2,95283E+0	0,00000E+0	0,00000E+0	0,00000E+0
5,09000E-1	2,95665E+0	0,00000E+0	0,00000E+0	0,00000E+0
5,10000E-1	2,95411E+0	0,00000E+0	0,00000E+0	0,00000E+0
5,11000E-1	2,95665E+0	0,00000E+0	0,00000E+0	0,00000E+0
5,12000E-1	2,95920E+0	0,00000E+0	0,00000E+0	0,00000E+0
5,13000E-1	2,95283E+0	0,00000E+0	0,00000E+0	0,00000E+0
5,14000E-1	2,95538E+0	0,00000E+0	0,00000E+0	0,00000E+0
5,15000E-1	2,95411E+0	0,00000E+0	0,00000E+0	0,00000E+0
5,16000E-1	2,95411E+0	0,00000E+0	0,00000E+0	0,00000E+0
5,17000E-1	2,95411E+0	0,00000E+0	0,00000E+0	0,00000E+0
5,18000E-1	2,95156E+0	0,00000E+0	0,00000E+0	0,00000E+0
5,19000E-1	2,95665E+0	0,00000E+0	0,00000E+0	0,00000E+0
5,20000E-1	2,95029E+0	0,00000E+0	0,00000E+0	0,00000E+0
5,21000E-1	2,95283E+0	0,00000E+0	0,00000E+0	0,00000E+0
5,22000E-1	2,95283E+0	0,00000E+0	0,00000E+0	0,00000E+0
5,23000E-1	2,95156E+0	0,00000E+0	0,00000E+0	0,00000E+0
5,24000E-1	2,95538E+0	0,00000E+0	0,00000E+0	0,00000E+0
5,25000E-1	2,94901E+0	0,00000E+0	0,00000E+0	0,00000E+0
5,26000E-1	2,95283E+0	0,00000E+0	0,00000E+0	0,00000E+0
5,27000E-1	2,95283E+0	0,00000E+0	0,00000E+0	0,00000E+0
5,28000E-1	2,95283E+0	0,00000E+0	0,00000E+0	0,00000E+0
5,29000E-1	2,95411E+0	0,00000E+0	0,00000E+0	0,00000E+0
5,30000E-1	2,94774E+0	0,00000E+0	0,00000E+0	0,00000E+0
5,31000E-1	2,95283E+0	0,00000E+0	0,00000E+0	0,00000E+0
5,32000E-1	2,95156E+0	0,00000E+0	0,00000E+0	0,00000E+0
5,33000E-1	2,95156E+0	0,00000E+0	0,00000E+0	0,00000E+0
5,34000E-1	2,95411E+0	0,00000E+0	0,00000E+0	0,00000E+0
5,35000E-1	2,94774E+0	0,00000E+0	0,00000E+0	0,00000E+0
5,36000E-1	2,95283E+0	0,00000E+0	0,00000E+0	0,00000E+0
5,37000E-1	2,95029E+0	0,00000E+0	0,00000E+0	0,00000E+0
5,38000E-1	2,95029E+0	0,00000E+0	0,00000E+0	0,00000E+0
5,39000E-1	2,95411E+0	0,00000E+0	0,00000E+0	0,00000E+0
5,40000E-1	2,94774E+0	0,00000E+0	0,00000E+0	0,00000E+0
5,41000E-1	2,95411E+0	0,00000E+0	0,00000E+0	0,00000E+0
5,42000E-1	2,95029E+0	0,00000E+0	0,00000E+0	0,00000E+0
5,43000E-1	2,95156E+0	0,00000E+0	0,00000E+0	0,00000E+0
5,44000E-1	2,94901E+0	0,00000E+0	0,00000E+0	0,00000E+0
5,45000E-1	2,94901E+0	0,00000E+0	0,00000E+0	0,00000E+0
5,46000E-1	2,95411E+0	0,00000E+0	0,00000E+0	0,00000E+0
5,47000E-1	2,95156E+0	0,00000E+0	0,00000E+0	0,00000E+0
5,48000E-1	2,94901E+0	0,00000E+0	0,00000E+0	0,00000E+0
5,49000E-1	2,94774E+0	0,00000E+0	0,00000E+0	0,00000E+0
5,50000E-1	2,94774E+0	0,00000E+0	0,00000E+0	0,00000E+0
5,51000E-1	2,95156E+0	0,00000E+0	0,00000E+0	0,00000E+0
5,52000E-1	2,94901E+0	0,00000E+0	0,00000E+0	0,00000E+0
5,53000E-1	2,94901E+0	0,00000E+0	0,00000E+0	0,00000E+0
5,54000E-1	2,95156E+0	0,00000E+0	0,00000E+0	0,00000E+0
5,55000E-1	2,94646E+0	0,00000E+0	0,00000E+0	0,00000E+0
5,56000E-1	2,95029E+0	0,00000E+0	0,00000E+0	0,00000E+0
5,57000E-1	2,95029E+0	0,00000E+0	0,00000E+0	0,00000E+0
5,58000E-1	2,94774E+0	0,00000E+0	0,00000E+0	0,00000E+0
5,59000E-1	2,95283E+0	0,00000E+0	0,00000E+0	0,00000E+0
5,60000E-1	2,94646E+0	0,00000E+0	0,00000E+0	0,00000E+0
5,61000E-1	2,95029E+0	0,00000E+0	0,00000E+0	0,00000E+0
5,62000E-1	2,94774E+0	0,00000E+0	0,00000E+0	0,00000E+0
5,63000E-1	2,94774E+0	0,00000E+0	0,00000E+0	0,00000E+0
5,64000E-1	2,95029E+0	0,00000E+0	0,00000E+0	0,00000E+0
5,65000E-1	2,94519E+0	0,00000E+0	0,00000E+0	0,00000E+0
5,66000E-1	2,94901E+0	0,00000E+0	0,00000E+0	0,00000E+0
5,67000E-1	2,94774E+0	0,00000E+0	0,00000E+0	0,00000E+0
5,68000E-1	2,94774E+0	0,00000E+0	0,00000E+0	0,00000E+0
5,69000E-1	2,94774E+0	0,00000E+0	0,00000E+0	0,00000E+0
5,70000E-1	2,94392E+0	0,00000E+0	0,00000E+0	0,00000E+0
5,71000E-1	2,94901E+0	0,00000E+0	0,00000E+0	0,00000E+0
5,72000E-1	2,94774E+0	0,00000E+0	0,00000E+0	0,00000E+0
5,73000E-1	2,94774E+0	0,00000E+0	0,00000E+0	0,00000E+0
5,74000E-1	2,94646E+0	0,00000E+0	0,00000E+0	0,00000E+0
5,75000E-1	2,94137E+0	0,00000E+0	0,00000E+0	0,00000E+0
5,76000E-1	2,94774E+0	0,00000E+0	0,00000E+0	0,00000E+0
5,77000E-1	2,94646E+0	0,00000E+0	0,00000E+0	0,00000E+0
5,78000E-1	2,94264E+0	0,00000E+0	0,00000E+0	0,00000E+0
5,79000E-1	2,94901E+0	0,00000E+0	0,00000E+0	0,00000E+0
5,80000E-1	2,94137E+0	0,00000E+0	0,00000E+0	0,00000E+0
5,81000E-1	2,94519E+0	0,00000E+0	0,00000E+0	0,00000E+0
5,82000E-1	2,94519E+0	0,00000E+0	0,00000E+0	0,00000E+0
5,83000E-1	2,94137E+0	0,00000E+0	0,00000E+0	0,00000E+0
5,84000E-1	2,94774E+0	0,00000E+0	0,00000E+0	0,00000E+0
5,85000E-1	2,94010E+0	0,00000E+0	0,00000E+0	0,00000E+0
5,86000E-1	2,94392E+0	0,00000E+0	0,00000E+0	0,00000E+0
5,87000E-1	2,94264E+0	0,00000E+0	0,00000E+0	0,00000E+0
5,88000E-1	2,94264E+0	0,00000E+0	0,00000E+0	0,00000E+0
5,89000E-1	2,94646E+0	0,00000E+0	0,00000E+0	0,00000E+0
5,90000E-1	2,94392E+0	0,00000E+0	0,00000E+0	0,00000E+0
5,91000E-1	2,94392E+0	0,00000E+0	0,00000E+0	0,00000E+0
5,92000E-1	2,94646E+0	0,00000E+0	0,00000E+0	0,00000E+0
5,93000E-1	2,94010E+0	0,00000E+0	0,00000E+0	0,00000E+0
5,94000E-1	2,94392E+0	0,00000E+0	0,00000E+0	0,00000E+0
5,95000E-1	2,94264E+0	0,00000E+0	0,00000E+0	0,00000E+0
5,96000E-1	2,94264E+0	0,00000E+0	0,00000E+0	0,00000E+0
5,97000E-1	2,94646E+0	0,00000E+0	0,00000E+0	0,00000E+0
5,98000E-1	2,93755E+0	0,00000E+0	0,00000E+0	0,00000E+0
5,99000E-1	2,94264E+0	0,00000E+0	0,00000E+0	0,00000E+0
6,00000E-1	2,94137E+0	0,00000E+0	0,00000E+0	0,00000E+0
6,01000E-1	2,93882E+0	0,00000E+0	0,00000E+0	0,00000E+0
6,02000E-1	2,94392E+0	0,00000E+0	0,00000E+0	0,00000E+0
6,03000E-1	2,93882E+0	0,00000E+0	0,00000E+0	0,00000E+0
6,04000E-1	2,94264E+0	0,00000E+0	0,00000E+0	0,00000E+0
6,05000E-1	2,93882E+0	0,00000E+0	0,00000E+0	0,00000E+0
6,06000E-1	2,93882E+0	0,00000E+0	0,00000E+0	0,00000E+0
6,07000E-1	2,94392E+0	0,00000E+0	0,00000E+0	0,00000E+0
6,08000E-1	2,93755E+0	0,00000E+0	0,00000E+0	0,00000E+0
6,09000E-1	2,94010E+0	0,00000E+0	0,00000E+0	0,00000E+0
6,10000E-1	2,93882E+0	0,00000E+0	0,00000E+0	0,00000E+0
6,11000E-1	2,93628E+0	0,00000E+0	0,00000E+0	0,00000E+0
6,12000E-1	2,94264E+0	0,00000E+0	0,00000E+0	0,00000E+0
6,13000E-1	2,94010E+0	0,00000E+0	0,00000E+0	0,00000E+0
6,14000E-1	2,93882E+0	0,00000E+0	0,00000E+0	0,00000E+0
6,15000E-1	2,94392E+0	0,00000E+0	0,00000E+0	0,00000E+0
6,16000E-1	2,93628E+0	0,00000E+0	0,00000E+0	0,00000E+0
6,17000E-1	2,93882E+0	0,00000E+0	0,00000E+0	0,00000E+0
6,18000E-1	2,94264E+0	0,00000E+0	0,00000E+0	0,00000E+0
6,19000E-1	2,93628E+0	0,00000E+0	0,00000E+0	0,00000E+0
6,20000E-1	2,94010E+0	0,00000E+0	0,00000E+0	0,00000E+0
6,21000E-1	2,93882E+0	0,00000E+0	0,00000E+0	0,00000E+0
6,22000E-1	2,93882E+0	0,00000E+0	0,00000E+0	0,00000E+0
6,23000E-1	2,94264E+0	0,00000E+0	0,00000E+0	0,00000E+0
6,24000E-1	2,93373E+0	0,00000E+0	0,00000E+0	0,00000E+0
6,25000E-1	2,94010E+0	0,00000E+0	0,00000E+0	0,00000E+0
6,26000E-1	2,93373E+0	0,00000E+0	0,00000E+0	0,00000E+0
6,27000E-1	2,93755E+0	0,00000E+0	0,00000E+0	0,00000E+0
6,28000E-1	2,93628E+0	0,00000E+0	0,00000E+0	0,00000E+0
6,29000E-1	2,93373E+0	0,00000E+0	0,00000E+0	0,00000E+0
6,30000E-1	2,93882E+0	0,00000E+0	0,00000E+0	0,00000E+0
6,31000E-1	2,93373E+0	0,00000E+0	0,00000E+0	0,00000E+0
6,32000E-1	2,93755E+0	0,00000E+0	0,00000E+0	0,00000E+0
6,33000E-1	2,93755E+0	0,00000E+0	0,00000E+0	0,00000E+0
6,34000E-1	2,93373E+0	0,00000E+0	0,00000E+0	0,00000E+0
6,35000E-1	2,93882E+0	0,00000E+0	0,00000E+0	0,00000E+0
6,36000E-1	2,93373E+0	0,00000E+0	0,00000E+0	0,00000E+0
6,37000E-1	2,93500E+0	0,00000E+0	0,00000E+0	0,00000E+0
6,38000E-1	2,93755E+0	0,00000E+0	0,00000E+0	0,00000E+0
6,39000E-1	2,93118E+0	0,00000E+0	0,00000E+0	0,00000E+0
6,40000E-1	2,93500E+0	0,00000E+0	0,00000E+0	0,00000E+0
6,41000E-1	2,93246E+0	0,00000E+0	0,00000E+0	0,00000E+0
6,42000E-1	2,93118E+0	0,00000E+0	0,00000E+0	0,00000E+0
6,43000E-1	2,93628E+0	0,00000E+0	0,00000E+0	0,00000E+0
6,44000E-1	2,93246E+0	0,00000E+0	0,00000E+0	0,00000E+0
6,45000E-1	2,93118E+0	0,00000E+0	0,00000E+0	0,00000E+0
6,46000E-1	2,93500E+0	0,00000E+0	0,00000E+0	0,00000E+0
6,47000E-1	2,93373E+0	0,00000E+0	0,00000E+0	0,00000E+0
6,48000E-1	2,93373E+0	0,00000E+0	0,00000E+0	0,00000E+0
6,49000E-1	2,93755E+0	0,00000E+0	0,00000E+0	0,00000E+0
6,50000E-1	2,92991E+0	0,00000E+0	0,00000E+0	0,00000E+0
6,51000E-1	2,93373E+0	0,00000E+0	0,00000E+0	0,00000E+0
6,52000E-1	2,93373E+0	0,00000E+0	0,00000E+0	0,00000E+0
6,53000E-1	2,93118E+0	0,00000E+0	0,00000E+0	0,00000E+0
6,54000E-1	2,93755E+0	0,00000E+0	0,00000E+0	0,00000E+0
6,55000E-1	2,92864E+0	0,00000E+0	0,00000E+0	0,00000E+0
6,56000E-1	2,93500E+0	0,00000E+0	0,00000E+0	0,00000E+0
6,57000E-1	2,92864E+0	0,00000E+0	0,00000E+0	0,00000E+0
6,58000E-1	2,93246E+0	0,00000E+0	0,00000E+0	0,00000E+0
6,59000E-1	2,93118E+0	0,00000E+0	0,00000E+0	0,00000E+0
6,60000E-1	2,92864E+0	0,00000E+0	0,00000E+0	0,00000E+0
6,61000E-1	2,93373E+0	0,00000E+0	0,00000E+0	0,00000E+0
6,62000E-1	2,93246E+0	0,00000E+0	0,00000E+0	0,00000E+0
6,63000E-1	2,92991E+0	0,00000E+0	0,00000E+0	0,00000E+0
6,64000E-1	2,93373E+0	0,00000E+0	0,00000E+0	0,00000E+0
6,65000E-1	2,92736E+0	0,00000E+0	0,00000E+0	0,00000E+0
6,66000E-1	2,92991E+0	0,00000E+0	0,00000E+0	0,00000E+0
6,67000E-1	2,92864E+0	0,00000E+0	0,00000E+0	0,00000E+0
6,68000E-1	2,92736E+0	0,00000E+0	0,00000E+0	0,00000E+0
6,69000E-1	2,93246E+0	0,00000E+0	0,00000E+0	0,00000E+0
6,70000E-1	2,92864E+0	0,00000E+0	0,00000E+0	0,00000E+0
6,71000E-1	2,92864E+0	0,00000E+0	0,00000E+0	0,00000E+0
6,72000E-1	2,92864E+0	0,00000E+0	0,00000E+0	0,00000E+0
6,73000E-1	2,92736E+0	0,00000E+0	0,00000E+0	0,00000E+0
6,74000E-1	2,92991E+0	0,00000E+0	0,00000E+0	0,00000E+0
6,75000E-1	2,92864E+0	0,00000E+0	0,00000E+0	0,00000E+0
6,76000E-1	2,92736E+0	0,00000E+0	0,00000E+0	0,00000E+0
6,77000E-1	2,93118E+0	0,00000E+0	0,00000E+0	0,00000E+0
6,78000E-1	2,92482E+0	0,00000E+0	0,00000E+0	0,00000E+0
6,79000E-1	2,92864E+0	0,00000E+0	0,00000E+0	0,00000E+0
6,80000E-1	2,92736E+0	0,00000E+0	0,00000E+0	0,00000E+0
6,81000E-1	2,92609E+0	0,00000E+0	0,00000E+0	0,00000E+0
6,82000E-1	2,92991E+0	0,00000E+0	0,00000E+0	0,00000E+0
6,83000E-1	2,92736E+0	0,00000E+0	0,00000E+0	0,00000E+0
6,84000E-1	2,92609E+0	0,00000E+0	0,00000E+0	0,00000E+0
6,85000E-1	2,92609E+0	0,00000E+0	0,00000E+0	0,00000E+0
6,86000E-1	2,92354E+0	0,00000E+0	0,00000E+0	0,00000E+0
6,87000E-1	2,92864E+0	0,00000E+0	0,00000E+0	0,00000E+0
6,88000E-1	2,92609E+0	0,00000E+0	0,00000E+0	0,00000E+0
6,89000E-1	2,92482E+0	0,00000E+0	0,00000E+0	0,00000E+0
6,90000E-1	2,92864E+0	0,00000E+0	0,00000E+0	0,00000E+0
6,91000E-1	2,92227E+0	0,00000E+0	0,00000E+0	0,00000E+0
6,92000E-1	2,92609E+0	0,00000E+0	0,00000E+0	0,00000E+0
6,93000E-1	2,92482E+0	0,00000E+0	0,00000E+0	0,00000E+0
6,94000E-1	2,92227E+0	0,00000E+0	0,00000E+0	0,00000E+0
6,95000E-1	2,92864E+0	0,00000E+0	0,00000E+0	0,00000E+0
6,96000E-1	2,92609E+0	0,00000E+0	0,00000E+0	0,00000E+0
6,97000E-1	2,92227E+0	0,00000E+0	0,00000E+0	0,00000E+0
6,98000E-1	2,92736E+0	0,00000E+0	0,00000E+0	0,00000E+0
6,99000E-1	2,92099E+0	0,00000E+0	0,00000E+0	0,00000E+0
7,00000E-1	2,92482E+0	0,00000E+0	0,00000E+0	0,00000E+0
7,01000E-1	2,92354E+0	0,00000E+0	0,00000E+0	0,00000E+0
7,02000E-1	2,92227E+0	0,00000E+0	0,00000E+0	0,00000E+0
7,03000E-1	2,92609E+0	0,00000E+0	0,00000E+0	0,00000E+0
7,04000E-1	2,91972E+0	0,00000E+0	0,00000E+0	0,00000E+0
7,05000E-1	2,92354E+0	0,00000E+0	0,00000E+0	0,00000E+0
7,06000E-1	2,92227E+0	0,00000E+0	0,00000E+0	0,00000E+0
7,07000E-1	2,92099E+0	0,00000E+0	0,00000E+0	0,00000E+0
7,08000E-1	2,92354E+0	0,00000E+0	0,00000E+0	0,00000E+0
7,09000E-1	2,91845E+0	0,00000E+0	0,00000E+0	0,00000E+0
7,10000E-1	2,92227E+0	0,00000E+0	0,00000E+0	0,00000E+0
7,11000E-1	2,92099E+0	0,00000E+0	0,00000E+0	0,00000E+0
7,12000E-1	2,91845E+0	0,00000E+0	0,00000E+0	0,00000E+0
7,13000E-1	2,92227E+0	0,00000E+0	0,00000E+0	0,00000E+0
7,14000E-1	2,91717E+0	0,00000E+0	0,00000E+0	0,00000E+0
7,15000E-1	2,92099E+0	0,00000E+0	0,00000E+0	0,00000E+0
7,16000E-1	2,91845E+0	0,00000E+0	0,00000E+0	0,00000E+0
7,17000E-1	2,91845E+0	0,00000E+0	0,00000E+0	0,00000E+0
7,18000E-1	2,92227E+0	0,00000E+0	0,00000E+0	0,00000E+0
7,19000E-1	2,91972E+0	0,00000E+0	0,00000E+0	0,00000E+0
7,20000E-1	2,91845E+0	0,00000E+0	0,00000E+0	0,00000E+0
7,21000E-1	2,92354E+0	0,00000E+0	0,00000E+0	0,00000E+0
7,22000E-1	2,91590E+0	0,00000E+0	0,00000E+0	0,00000E+0
7,23000E-1	2,91972E+0	0,00000E+0	0,00000E+0	0,00000E+0
7,24000E-1	2,92099E+0	0,00000E+0	0,00000E+0	0,00000E+0
7,25000E-1	2,91845E+0	0,00000E+0	0,00000E+0	0,00000E+0
7,26000E-1	2,91845E+0	0,00000E+0	0,00000E+0	0,00000E+0
7,27000E-1	2,91590E+0	0,00000E+0	0,00000E+0	0,00000E+0
7,28000E-1	2,91972E+0	0,00000E+0	0,00000E+0	0,00000E+0
7,29000E-1	2,91845E+0	0,00000E+0	0,00000E+0	0,00000E+0
7,30000E-1	2,91717E+0	0,00000E+0	0,00000E+0	0,00000E+0
7,31000E-1	2,92099E+0	0,00000E+0	0,00000E+0	0,00000E+0
7,32000E-1	2,91590E+0	0,00000E+0	0,00000E+0	0,00000E+0
7,33000E-1	2,91845E+0	0,00000E+0	0,00000E+0	0,00000E+0
7,34000E-1	2,91845E+0	0,00000E+0	0,00000E+0	0,00000E+0
7,35000E-1	2,91845E+0	0,00000E+0	0,00000E+0	0,00000E+0
7,36000E-1	2,91972E+0	0,00000E+0	0,00000E+0	0,00000E+0
7,37000E-1	2,91590E+0	0,00000E+0	0,00000E+0	0,00000E+0
7,38000E-1	2,91972E+0	0,00000E+0	0,00000E+0	0,00000E+0
7,39000E-1	2,91590E+0	0,00000E+0	0,00000E+0	0,00000E+0
7,40000E-1	2,91845E+0	0,00000E+0	0,00000E+0	0,00000E+0
7,41000E-1	2,91972E+0	0,00000E+0	0,00000E+0	0,00000E+0
7,42000E-1	2,91335E+0	0,00000E+0	0,00000E+0	0,00000E+0
7,43000E-1	2,91717E+0	0,00000E+0	0,00000E+0	0,00000E+0
7,44000E-1	2,91717E+0	0,00000E+0	0,00000E+0	0,00000E+0
7,45000E-1	2,91590E+0	0,00000E+0	0,00000E+0	0,00000E+0
7,46000E-1	2,91845E+0	0,00000E+0	0,00000E+0	0,00000E+0
7,47000E-1	2,91208E+0	0,00000E+0	0,00000E+0	0,00000E+0
7,48000E-1	2,91590E+0	0,00000E+0	0,00000E+0	0,00000E+0
7,49000E-1	2,91081E+0	0,00000E+0	0,00000E+0	0,00000E+0
7,50000E-1	2,91590E+0	0,00000E+0	0,00000E+0	0,00000E+0
7,51000E-1	2,91335E+0	0,00000E+0	0,00000E+0	0,00000E+0
7,52000E-1	2,91335E+0	0,00000E+0	0,00000E+0	0,00000E+0
7,53000E-1	2,91717E+0	0,00000E+0	0,00000E+0	0,00000E+0
7,54000E-1	2,90953E+0	0,00000E+0	0,00000E+0	0,00000E+0
7,55000E-1	2,91590E+0	0,00000E+0	0,00000E+0	0,00000E+0
7,56000E-1	2,90826E+0	0,00000E+0	0,00000E+0	0,00000E+0
7,57000E-1	2,91208E+0	0,00000E+0	0,00000E+0	0,00000E+0
7,58000E-1	2,91208E+0	0,00000E+0	0,00000E+0	0,00000E+0
7,59000E-1	2,91081E+0	0,00000E+0	0,00000E+0	0,00000E+0
7,60000E-1	2,91335E+0	0,00000E+0	0,00000E+0	0,00000E+0
7,61000E-1	2,90826E+0	0,00000E+0	0,00000E+0	0,00000E+0
7,62000E-1	2,91335E+0	0,00000E+0	0,00000E+0	0,00000E+0
7,63000E-1	2,91081E+0	0,00000E+0	0,00000E+0	0,00000E+0
7,64000E-1	2,90953E+0	0,00000E+0	0,00000E+0	0,00000E+0
7,65000E-1	2,91335E+0	0,00000E+0	0,00000E+0	0,00000E+0
7,66000E-1	2,90699E+0	0,00000E+0	0,00000E+0	0,00000E+0
7,67000E-1	2,91335E+0	0,00000E+0	0,00000E+0	0,00000E+0
7,68000E-1	2,91081E+0	0,00000E+0	0,00000E+0	0,00000E+0
7,69000E-1	2,90953E+0	0,00000E+0	0,00000E+0	0,00000E+0
7,70000E-1	2,90826E+0	0,00000E+0	0,00000E+0	0,00000E+0
7,71000E-1	2,90699E+0	0,00000E+0	0,00000E+0	0,00000E+0
7,72000E-1	2,91208E+0	0,00000E+0	0,00000E+0	0,00000E+0
7,73000E-1	2,90953E+0	0,00000E+0	0,00000E+0	0,00000E+0
7,74000E-1	2,90953E+0	0,00000E+0	0,00000E+0	0,00000E+0
7,75000E-1	2,90826E+0	0,00000E+0	0,00000E+0	0,00000E+0
7,76000E-1	2,90699E+0	0,00000E+0	0,00000E+0	0,00000E+0
7,77000E-1	2,91081E+0	0,00000E+0	0,00000E+0	0,00000E+0
7,78000E-1	2,90444E+0	0,00000E+0	0,00000E+0	0,00000E+0
7,79000E-1	2,90699E+0	0,00000E+0	0,00000E+0	0,00000E+0
7,80000E-1	2,90699E+0	0,00000E+0	0,00000E+0	0,00000E+0
7,81000E-1	2,90444E+0	0,00000E+0	0,00000E+0	0,00000E+0
7,82000E-1	2,90953E+0	0,00000E+0	0,00000E+0	0,00000E+0
7,83000E-1	2,90317E+0	0,00000E+0	0,00000E+0	0,00000E+0
7,84000E-1	2,90699E+0	0,00000E+0	0,00000E+0	0,00000E+0
7,85000E-1	2,90571E+0	0,00000E+0	0,00000E+0	0,00000E+0
7,86000E-1	2,90317E+0	0,00000E+0	0,00000E+0	0,00000E+0
7,87000E-1	2,90826E+0	0,00000E+0	0,00000E+0	0,00000E+0
7,88000E-1	2,90699E+0	0,00000E+0	0,00000E+0	0,00000E+0
7,89000E-1	2,90444E+0	0,00000E+0	0,00000E+0	0,00000E+0
7,90000E-1	2,90571E+0	0,00000E+0	0,00000E+0	0,00000E+0
7,91000E-1	2,90189E+0	0,00000E+0	0,00000E+0	0,00000E+0
7,92000E-1	2,90826E+0	0,00000E+0	0,00000E+0	0,00000E+0
7,93000E-1	2,90571E+0	0,00000E+0	0,00000E+0	0,00000E+0
7,94000E-1	2,90444E+0	0,00000E+0	0,00000E+0	0,00000E+0
7,95000E-1	2,90317E+0	0,00000E+0	0,00000E+0	0,00000E+0
7,96000E-1	2,90189E+0	0,00000E+0	0,00000E+0	0,00000E+0
7,97000E-1	2,90571E+0	0,00000E+0	0,00000E+0	0,00000E+0
7,98000E-1	2,90571E+0	0,00000E+0	0,00000E+0	0,00000E+0
7,99000E-1	2,90317E+0	0,00000E+0	0,00000E+0	0,00000E+0
8,00000E-1	2,90571E+0	0,00000E+0	0,00000E+0	0,00000E+0
8,01000E-1	2,90062E+0	0,00000E+0	0,00000E+0	0,00000E+0
8,02000E-1	2,90317E+0	0,00000E+0	0,00000E+0	0,00000E+0
8,03000E-1	2,90189E+0	0,00000E+0	0,00000E+0	0,00000E+0
8,04000E-1	2,89935E+0	0,00000E+0	0,00000E+0	0,00000E+0
8,05000E-1	2,90444E+0	0,00000E+0	0,00000E+0	0,00000E+0
8,06000E-1	2,89807E+0	0,00000E+0	0,00000E+0	0,00000E+0
8,07000E-1	2,90189E+0	0,00000E+0	0,00000E+0	0,00000E+0
8,08000E-1	2,90062E+0	0,00000E+0	0,00000E+0	0,00000E+0
8,09000E-1	2,89935E+0	0,00000E+0	0,00000E+0	0,00000E+0
8,10000E-1	2,90444E+0	0,00000E+0	0,00000E+0	0,00000E+0
8,11000E-1	2,90062E+0	0,00000E+0	0,00000E+0	0,00000E+0
8,12000E-1	2,90062E+0	0,00000E+0	0,00000E+0	0,00000E+0
8,13000E-1	2,90444E+0	0,00000E+0	0,00000E+0	0,00000E+0
8,14000E-1	2,89680E+0	0,00000E+0	0,00000E+0	0,00000E+0
8,15000E-1	2,90189E+0	0,00000E+0	0,00000E+0	0,00000E+0
8,16000E-1	2,89935E+0	0,00000E+0	0,00000E+0	0,00000E+0
8,17000E-1	2,89807E+0	0,00000E+0	0,00000E+0	0,00000E+0
8,18000E-1	2,90189E+0	0,00000E+0	0,00000E+0	0,00000E+0
8,19000E-1	2,89807E+0	0,00000E+0	0,00000E+0	0,00000E+0
8,20000E-1	2,89935E+0	0,00000E+0	0,00000E+0	0,00000E+0
8,21000E-1	2,90062E+0	0,00000E+0	0,00000E+0	0,00000E+0
8,22000E-1	2,89425E+0	0,00000E+0	0,00000E+0	0,00000E+0
8,23000E-1	2,89935E+0	0,00000E+0	0,00000E+0	0,00000E+0
8,24000E-1	2,89807E+0	0,00000E+0	0,00000E+0	0,00000E+0
8,25000E-1	2,89680E+0	0,00000E+0	0,00000E+0	0,00000E+0
8,26000E-1	2,90062E+0	0,00000E+0	0,00000E+0	0,00000E+0
8,27000E-1	2,89298E+0	0,00000E+0	0,00000E+0	0,00000E+0
8,28000E-1	2,89680E+0	0,00000E+0	0,00000E+0	0,00000E+0
8,29000E-1	2,89807E+0	0,00000E+0	0,00000E+0	0,00000E+0
8,30000E-1	2,89553E+0	0,00000E+0	0,00000E+0	0,00000E+0
8,31000E-1	2,89935E+0	0,00000E+0	0,00000E+0	0,00000E+0
8,32000E-1	2,89298E+0	0,00000E+0	0,00000E+0	0,00000E+0
8,33000E-1	2,89807E+0	0,00000E+0	0,00000E+0	0,00000E+0
8,34000E-1	2,90062E+0	0,00000E+0	0,00000E+0	0,00000E+0
8,35000E-1	2,89298E+0	0,00000E+0	0,00000E+0	0,00000E+0
8,36000E-1	2,89807E+0	0,00000E+0	0,00000E+0	0,00000E+0
8,37000E-1	2,89553E+0	0,00000E+0	0,00000E+0	0,00000E+0
8,38000E-1	2,89553E+0	0,00000E+0	0,00000E+0	0,00000E+0
8,39000E-1	2,89425E+0	0,00000E+0	0,00000E+0	0,00000E+0
8,40000E-1	2,89170E+0	0,00000E+0	0,00000E+0	0,00000E+0
8,41000E-1	2,89807E+0	0,00000E+0	0,00000E+0	0,00000E+0
8,42000E-1	2,89553E+0	0,00000E+0	0,00000E+0	0,00000E+0
8,43000E-1	2,89298E+0	0,00000E+0	0,00000E+0	0,00000E+0
8,44000E-1	2,89807E+0	0,00000E+0	0,00000E+0	0,00000E+0
8,45000E-1	2,89043E+0	0,00000E+0	0,00000E+0	0,00000E+0
8,46000E-1	2,89553E+0	0,00000E+0	0,00000E+0	0,00000E+0
8,47000E-1	2,89298E+0	0,00000E+0	0,00000E+0	0,00000E+0
8,48000E-1	2,89170E+0	0,00000E+0	0,00000E+0	0,00000E+0
8,49000E-1	2,89680E+0	0,00000E+0	0,00000E+0	0,00000E+0
8,50000E-1	2,88916E+0	0,00000E+0	0,00000E+0	0,00000E+0
8,51000E-1	2,89170E+0	0,00000E+0	0,00000E+0	0,00000E+0
8,52000E-1	2,89043E+0	0,00000E+0	0,00000E+0	0,00000E+0
8,53000E-1	2,88916E+0	0,00000E+0	0,00000E+0	0,00000E+0
8,54000E-1	2,89425E+0	0,00000E+0	0,00000E+0	0,00000E+0
8,55000E-1	2,89043E+0	0,00000E+0	0,00000E+0	0,00000E+0
8,56000E-1	2,89043E+0	0,00000E+0	0,00000E+0	0,00000E+0
8,57000E-1	2,89298E+0	0,00000E+0	0,00000E+0	0,00000E+0
8,58000E-1	2,88788E+0	0,00000E+0	0,00000E+0	0,00000E+0
8,59000E-1	2,89043E+0	0,00000E+0	0,00000E+0	0,00000E+0
8,60000E-1	2,88916E+0	0,00000E+0	0,00000E+0	0,00000E+0
8,61000E-1	2,88661E+0	0,00000E+0	0,00000E+0	0,00000E+0
8,62000E-1	2,89298E+0	0,00000E+0	0,00000E+0	0,00000E+0
8,63000E-1	2,89043E+0	0,00000E+0	0,00000E+0	0,00000E+0
8,64000E-1	2,88916E+0	0,00000E+0	0,00000E+0	0,00000E+0
8,65000E-1	2,89298E+0	0,00000E+0	0,00000E+0	0,00000E+0
8,66000E-1	2,89043E+0	0,00000E+0	0,00000E+0	0,00000E+0
8,67000E-1	2,88916E+0	0,00000E+0	0,00000E+0	0,00000E+0
8,68000E-1	2,89043E+0	0,00000E+0	0,00000E+0	0,00000E+0
8,69000E-1	2,88406E+0	0,00000E+0	0,00000E+0	0,00000E+0
8,70000E-1	2,89043E+0	0,00000E+0	0,00000E+0	0,00000E+0
8,71000E-1	2,88661E+0	0,00000E+0	0,00000E+0	0,00000E+0
8,72000E-1	2,88661E+0	0,00000E+0	0,00000E+0	0,00000E+0
8,73000E-1	2,89043E+0	0,00000E+0	0,00000E+0	0,00000E+0
8,74000E-1	2,88406E+0	0,00000E+0	0,00000E+0	0,00000E+0
8,75000E-1	2,88916E+0	0,00000E+0	0,00000E+0	0,00000E+0
8,76000E-1	2,88788E+0	0,00000E+0	0,00000E+0	0,00000E+0
8,77000E-1	2,88534E+0	0,00000E+0	0,00000E+0	0,00000E+0
8,78000E-1	2,88916E+0	0,00000E+0	0,00000E+0	0,00000E+0
8,79000E-1	2,88279E+0	0,00000E+0	0,00000E+0	0,00000E+0
8,80000E-1	2,88661E+0	0,00000E+0	0,00000E+0	0,00000E+0
8,81000E-1	2,88534E+0	0,00000E+0	0,00000E+0	0,00000E+0
8,82000E-1	2,88406E+0	0,00000E+0	0,00000E+0	0,00000E+0
8,83000E-1	2,88788E+0	0,00000E+0	0,00000E+0	0,00000E+0
8,84000E-1	2,88534E+0	0,00000E+0	0,00000E+0	0,00000E+0
8,85000E-1	2,88534E+0	0,00000E+0	0,00000E+0	0,00000E+0
8,86000E-1	2,88788E+0	0,00000E+0	0,00000E+0	0,00000E+0
8,87000E-1	2,88152E+0	0,00000E+0	0,00000E+0	0,00000E+0
8,88000E-1	2,88534E+0	0,00000E+0	0,00000E+0	0,00000E+0
8,89000E-1	2,88406E+0	0,00000E+0	0,00000E+0	0,00000E+0
8,90000E-1	2,88279E+0	0,00000E+0	0,00000E+0	0,00000E+0
8,91000E-1	2,88152E+0	0,00000E+0	0,00000E+0	0,00000E+0
8,92000E-1	2,88024E+0	0,00000E+0	0,00000E+0	0,00000E+0
8,93000E-1	2,88534E+0	0,00000E+0	0,00000E+0	0,00000E+0
8,94000E-1	2,87897E+0	0,00000E+0	0,00000E+0	0,00000E+0
8,95000E-1	2,88279E+0	0,00000E+0	0,00000E+0	0,00000E+0
8,96000E-1	2,88279E+0	0,00000E+0	0,00000E+0	0,00000E+0
8,97000E-1	2,87897E+0	0,00000E+0	0,00000E+0	0,00000E+0
8,98000E-1	2,88406E+0	0,00000E+0	0,00000E+0	0,00000E+0
8,99000E-1	2,87642E+0	0,00000E+0	0,00000E+0	0,00000E+0
9,00000E-1	2,88152E+0	0,00000E+0	0,00000E+0	0,00000E+0
9,01000E-1	2,87897E+0	0,00000E+0	0,00000E+0	0,00000E+0
9,02000E-1	2,87770E+0	0,00000E+0	0,00000E+0	0,00000E+0
9,03000E-1	2,88152E+0	0,00000E+0	0,00000E+0	0,00000E+0
9,04000E-1	2,88024E+0	0,00000E+0	0,00000E+0	0,00000E+0
9,05000E-1	2,87897E+0	0,00000E+0	0,00000E+0	0,00000E+0
9,06000E-1	2,87770E+0	0,00000E+0	0,00000E+0	0,00000E+0
9,07000E-1	2,88152E+0	0,00000E+0	0,00000E+0	0,00000E+0
9,08000E-1	2,88024E+0	0,00000E+0	0,00000E+0	0,00000E+0
9,09000E-1	2,88279E+0	0,00000E+0	0,00000E+0	0,00000E+0
9,10000E-1	2,87770E+0	0,00000E+0	0,00000E+0	0,00000E+0
9,11000E-1	2,88024E+0	0,00000E+0	0,00000E+0	0,00000E+0
9,12000E-1	2,87770E+0	0,00000E+0	0,00000E+0	0,00000E+0
9,13000E-1	2,87642E+0	0,00000E+0	0,00000E+0	0,00000E+0
9,14000E-1	2,87897E+0	0,00000E+0	0,00000E+0	0,00000E+0
9,15000E-1	2,87642E+0	0,00000E+0	0,00000E+0	0,00000E+0
9,16000E-1	2,87642E+0	0,00000E+0	0,00000E+0	0,00000E+0
9,17000E-1	2,87897E+0	0,00000E+0	0,00000E+0	0,00000E+0
9,18000E-1	2,87260E+0	0,00000E+0	0,00000E+0	0,00000E+0
9,19000E-1	2,87770E+0	0,00000E+0	0,00000E+0	0,00000E+0
9,20000E-1	2,87515E+0	0,00000E+0	0,00000E+0	0,00000E+0
9,21000E-1	2,87388E+0	0,00000E+0	0,00000E+0	0,00000E+0
9,22000E-1	2,87770E+0	0,00000E+0	0,00000E+0	0,00000E+0
9,23000E-1	2,87388E+0	0,00000E+0	0,00000E+0	0,00000E+0
9,24000E-1	2,87260E+0	0,00000E+0	0,00000E+0	0,00000E+0
9,25000E-1	2,87770E+0	0,00000E+0	0,00000E+0	0,00000E+0
9,26000E-1	2,87515E+0	0,00000E+0	0,00000E+0	0,00000E+0
9,27000E-1	2,87388E+0	0,00000E+0	0,00000E+0	0,00000E+0
9,28000E-1	2,87642E+0	0,00000E+0	0,00000E+0	0,00000E+0
9,29000E-1	2,87006E+0	0,00000E+0	0,00000E+0	0,00000E+0
9,30000E-1	2,87388E+0	0,00000E+0	0,00000E+0	0,00000E+0
9,31000E-1	2,87260E+0	0,00000E+0	0,00000E+0	0,00000E+0
9,32000E-1	2,87006E+0	0,00000E+0	0,00000E+0	0,00000E+0
9,33000E-1	2,87388E+0	0,00000E+0	0,00000E+0	0,00000E+0
9,34000E-1	2,87260E+0	0,00000E+0	0,00000E+0	0,00000E+0
9,35000E-1	2,87006E+0	0,00000E+0	0,00000E+0	0,00000E+0
9,36000E-1	2,87388E+0	0,00000E+0	0,00000E+0	0,00000E+0
9,37000E-1	2,87260E+0	0,00000E+0	0,00000E+0	0,00000E+0
9,38000E-1	2,87006E+0	0,00000E+0	0,00000E+0	0,00000E+0
9,39000E-1	2,87388E+0	0,00000E+0	0,00000E+0	0,00000E+0
9,40000E-1	2,87133E+0	0,00000E+0	0,00000E+0	0,00000E+0
9,41000E-1	2,87006E+0	0,00000E+0	0,00000E+0	0,00000E+0
9,42000E-1	2,87388E+0	0,00000E+0	0,00000E+0	0,00000E+0
9,43000E-1	2,86624E+0	0,00000E+0	0,00000E+0	0,00000E+0
9,44000E-1	2,87133E+0	0,00000E+0	0,00000E+0	0,00000E+0
9,45000E-1	2,87006E+0	0,00000E+0	0,00000E+0	0,00000E+0
9,46000E-1	2,86751E+0	0,00000E+0	0,00000E+0	0,00000E+0
9,47000E-1	2,87133E+0	0,00000E+0	0,00000E+0	0,00000E+0
9,48000E-1	2,86878E+0	0,00000E+0	0,00000E+0	0,00000E+0
9,49000E-1	2,86878E+0	0,00000E+0	0,00000E+0	0,00000E+0
9,50000E-1	2,87260E+0	0,00000E+0	0,00000E+0	0,00000E+0
9,51000E-1	2,86624E+0	0,00000E+0	0,00000E+0	0,00000E+0
9,52000E-1	2,86878E+0	0,00000E+0	0,00000E+0	0,00000E+0
9,53000E-1	2,86878E+0	0,00000E+0	0,00000E+0	0,00000E+0
9,54000E-1	2,86751E+0	0,00000E+0	0,00000E+0	0,00000E+0
9,55000E-1	2,87133E+0	0,00000E+0	0,00000E+0	0,00000E+0
9,56000E-1	2,86751E+0	0,00000E+0	0,00000E+0	0,00000E+0
9,57000E-1	2,86878E+0	0,00000E+0	0,00000E+0	0,00000E+0
9,58000E-1	2,87006E+0	0,00000E+0	0,00000E+0	0,00000E+0
9,59000E-1	2,86369E+0	0,00000E+0	0,00000E+0	0,00000E+0
9,60000E-1	2,86751E+0	0,00000E+0	0,00000E+0	0,00000E+0
9,61000E-1	2,86624E+0	0,00000E+0	0,00000E+0	0,00000E+0
9,62000E-1	2,86624E+0	0,00000E+0	0,00000E+0	0,00000E+0
9,63000E-1	2,86878E+0	0,00000E+0	0,00000E+0	0,00000E+0
9,64000E-1	2,86241E+0	0,00000E+0	0,00000E+0	0,00000E+0
9,65000E-1	2,86624E+0	0,00000E+0	0,00000E+0	0,00000E+0
9,66000E-1	2,86496E+0	0,00000E+0	0,00000E+0	0,00000E+0
9,67000E-1	2,86241E+0	0,00000E+0	0,00000E+0	0,00000E+0
9,68000E-1	2,86751E+0	0,00000E+0	0,00000E+0	0,00000E+0
9,69000E-1	2,86114E+0	0,00000E+0	0,00000E+0	0,00000E+0
9,70000E-1	2,86624E+0	0,00000E+0	0,00000E+0	0,00000E+0
9,71000E-1	2,86369E+0	0,00000E+0	0,00000E+0	0,00000E+0
9,72000E-1	2,86114E+0	0,00000E+0	0,00000E+0	0,00000E+0
9,73000E-1	2,86624E+0	0,00000E+0	0,00000E+0	0,00000E+0
9,74000E-1	2,86496E+0	0,00000E+0	0,00000E+0	0,00000E+0
9,75000E-1	2,86241E+0	0,00000E+0	0,00000E+0	0,00000E+0
9,76000E-1	2,86241E+0	0,00000E+0	0,00000E+0	0,00000E+0
9,77000E-1	2,86114E+0	0,00000E+0	0,00000E+0	0,00000E+0
9,78000E-1	2,85987E+0	0,00000E+0	0,00000E+0	0,00000E+0
9,79000E-1	2,85859E+0	0,00000E+0	0,00000E+0	0,00000E+0
9,80000E-1	2,86369E+0	0,00000E+0	0,00000E+0	0,00000E+0
9,81000E-1	2,86114E+0	0,00000E+0	0,00000E+0	0,00000E+0
9,82000E-1	2,85859E+0	0,00000E+0	0,00000E+0	0,00000E+0
9,83000E-1	2,86241E+0	0,00000E+0	0,00000E+0	0,00000E+0
9,84000E-1	2,85605E+0	0,00000E+0	0,00000E+0	0,00000E+0
9,85000E-1	2,86114E+0	0,00000E+0	0,00000E+0	0,00000E+0
9,86000E-1	2,86114E+0	0,00000E+0	0,00000E+0	0,00000E+0
9,87000E-1	2,85605E+0	0,00000E+0	0,00000E+0	0,00000E+0
9,88000E-1	2,85859E+0	0,00000E+0	0,00000E+0	0,00000E+0
9,89000E-1	2,85732E+0	0,00000E+0	0,00000E+0	0,00000E+0
9,90000E-1	2,85477E+0	0,00000E+0	0,00000E+0	0,00000E+0
9,91000E-1	2,86114E+0	0,00000E+0	0,00000E+0	0,00000E+0
9,92000E-1	2,85732E+0	0,00000E+0	0,00000E+0	0,00000E+0
9,93000E-1	2,85732E+0	0,00000E+0	0,00000E+0	0,00000E+0
9,94000E-1	2,86114E+0	0,00000E+0	0,00000E+0	0,00000E+0
9,95000E-1	2,85350E+0	0,00000E+0	0,00000E+0	0,00000E+0
9,96000E-1	2,85732E+0	0,00000E+0	0,00000E+0	0,00000E+0
9,97000E-1	2,85732E+0	0,00000E+0	0,00000E+0	0,00000E+0
9,98000E-1	2,85350E+0	0,00000E+0	0,00000E+0	0,00000E+0
9,99000E-1	2,85732E+0	0,00000E+0	0,00000E+0	0,00000E+0
