0,00000E+0	6,26174E-1	0,00000E+0	-5,64835E+1	-5,73005E+1
1,00000E-3	-2,92812E+0	1,00000E+0	-7,42065E+1	-6,00823E+1
2,00000E-3	-6,26936E-1	2,00000E+0	-7,23414E+1	-7,86900E+1
3,00000E-3	2,92227E+0	3,00000E+0	-8,07890E+1	-7,55303E+1
4,00000E-3	6,28721E-1	4,00000E+0	-7,11084E+1	-7,75021E+1
5,00000E-3	-2,92685E+0	5,00000E+0	-7,40308E+1	-8,81813E+1
6,00000E-3	-6,33303E-1	6,00000E+0	-7,52676E+1	-8,24021E+1
7,00000E-3	2,92736E+0	7,00000E+0	-7,93022E+1	-7,87509E+1
8,00000E-3	6,29994E-1	8,00000E+0	-7,14916E+1	-7,82199E+1
9,00000E-3	-2,93067E+0	9,00000E+0	-7,48276E+1	-8,88411E+1
1,00000E-2	-6,30756E-1	1,00000E+1	-7,81739E+1	-7,89933E+1
1,10000E-2	2,92609E+0	1,10000E+1	-7,56978E+1	-8,38789E+1
1,20000E-2	6,26174E-1	1,20000E+1	-7,14666E+1	-7,65978E+1
1,30000E-2	-2,92558E+0	1,30000E+1	-7,30768E+1	-7,87390E+1
1,40000E-2	-6,32030E-1	1,40000E+1	-7,57768E+1	-8,70216E+1
1,50000E-2	2,92227E+0	1,50000E+1	-7,48628E+1	-8,49255E+1
1,60000E-2	6,33815E-1	1,60000E+1	-7,19948E+1	-8,25327E+1
1,70000E-2	-2,92812E+0	1,70000E+1	-7,51270E+1	-8,99281E+1
1,80000E-2	-6,33303E-1	1,80000E+1	-8,42050E+1	-7,86841E+1
1,90000E-2	2,92736E+0	1,90000E+1	-7,47875E+1	-8,46591E+1
2,00000E-2	6,31268E-1	2,00000E+1	-7,37124E+1	-8,43040E+1
2,10000E-2	-2,92685E+0	2,10000E+1	-7,17538E+1	-8,68289E+1
2,20000E-2	-6,32030E-1	2,20000E+1	-7,26012E+1	-8,31212E+1
2,30000E-2	2,92609E+0	2,30000E+1	-7,59769E+1	-7,66899E+1
2,40000E-2	6,33815E-1	2,40000E+1	-6,96060E+1	-7,49193E+1
2,50000E-2	-2,92685E+0	2,50000E+1	-7,59891E+1	-7,80766E+1
2,60000E-2	-6,39671E-1	2,60000E+1	-7,25015E+1	-8,50979E+1
2,70000E-2	2,92482E+0	2,70000E+1	-7,26415E+1	-8,17671E+1
2,80000E-2	6,36362E-1	2,80000E+1	-7,27632E+1	-7,72500E+1
2,90000E-2	-2,92940E+0	2,90000E+1	-7,26814E+1	-8,24914E+1
3,00000E-2	-6,34577E-1	3,00000E+1	-7,34908E+1	-8,56474E+1
3,10000E-2	2,92354E+0	3,10000E+1	-7,49707E+1	-9,32570E+1
3,20000E-2	6,33815E-1	3,20000E+1	-7,27745E+1	-7,87886E+1
3,30000E-2	-2,92558E+0	3,30000E+1	-7,38722E+1	-8,28290E+1
3,40000E-2	-6,38397E-1	3,40000E+1	-7,56171E+1	-8,50431E+1
3,50000E-2	2,91972E+0	3,50000E+1	-7,32688E+1	-8,57567E+1
3,60000E-2	6,35088E-1	3,60000E+1	-7,35228E+1	-8,75127E+1
3,70000E-2	-2,92558E+0	3,70000E+1	-7,28073E+1	-8,24559E+1
3,80000E-2	-6,42218E-1	3,80000E+1	-7,58465E+1	-7,99732E+1
3,90000E-2	2,92227E+0	3,90000E+1	-7,47377E+1	-8,32896E+1
4,00000E-2	6,36362E-1	4,00000E+1	-7,51296E+1	-1,05351E+2
4,10000E-2	-2,92940E+0	4,10000E+1	-7,55004E+1	-8,58395E+1
4,20000E-2	-6,38397E-1	4,20000E+1	-7,42309E+1	-8,06783E+1
4,30000E-2	2,92354E+0	4,30000E+1	-7,25388E+1	-7,89049E+1
4,40000E-2	6,36362E-1	4,40000E+1	-7,62332E+1	-8,61338E+1
4,50000E-2	-2,92685E+0	4,50000E+1	-7,62100E+1	-1,09989E+2
4,60000E-2	-6,35850E-1	4,60000E+1	-7,58550E+1	-9,67959E+1
4,70000E-2	2,92354E+0	4,70000E+1	-7,46576E+1	-9,92113E+1
4,80000E-2	6,38909E-1	4,80000E+1	-7,28257E+1	-8,11112E+1
4,90000E-2	-2,92812E+0	4,90000E+1	-7,82736E+1	-7,79149E+1
5,00000E-2	-6,43491E-1	5,00000E+1	-7,34849E+1	-8,21287E+1
5,10000E-2	2,92736E+0	5,10000E+1	-7,36872E+1	-8,24931E+1
5,20000E-2	6,38909E-1	5,20000E+1	-7,12554E+1	-7,91971E+1
5,30000E-2	-2,92940E+0	5,30000E+1	-7,39166E+1	-8,85547E+1
5,40000E-2	-6,39671E-1	5,40000E+1	-7,60392E+1	-8,49219E+1
5,50000E-2	2,92227E+0	5,50000E+1	-7,38470E+1	-9,29113E+1
5,60000E-2	6,36362E-1	5,60000E+1	-7,31315E+1	-9,68623E+1
5,70000E-2	-2,92303E+0	5,70000E+1	-7,35115E+1	-9,34552E+1
5,80000E-2	-6,42218E-1	5,80000E+1	-7,23936E+1	-9,10991E+1
5,90000E-2	2,92227E+0	5,90000E+1	-7,30848E+1	-9,28730E+1
6,00000E-2	6,44003E-1	6,00000E+1	-7,42310E+1	-8,64568E+1
6,10000E-2	-2,92812E+0	6,10000E+1	-7,59088E+1	-7,88707E+1
6,20000E-2	-6,44765E-1	6,20000E+1	-7,44294E+1	-8,03096E+1
6,30000E-2	2,92609E+0	6,30000E+1	-7,40593E+1	-8,82969E+1
6,40000E-2	6,40182E-1	6,40000E+1	-7,68058E+1	-8,11285E+1
6,50000E-2	-2,92558E+0	6,50000E+1	-7,30092E+1	-8,05713E+1
6,60000E-2	-6,44765E-1	6,60000E+1	-7,04299E+1	-7,82233E+1
6,70000E-2	2,91972E+0	6,70000E+1	-7,32648E+1	-8,19283E+1
6,80000E-2	6,46550E-1	6,80000E+1	-7,46674E+1	-8,67855E+1
6,90000E-2	-2,92558E+0	6,90000E+1	-7,47710E+1	-8,86570E+1
7,00000E-2	-6,44765E-1	7,00000E+1	-7,51821E+1	-8,49025E+1
7,10000E-2	2,92354E+0	7,10000E+1	-7,37463E+1	-8,70287E+1
7,20000E-2	6,40182E-1	7,20000E+1	-7,07396E+1	-8,11040E+1
7,30000E-2	-2,92558E+0	7,30000E+1	-7,36320E+1	-9,25331E+1
7,40000E-2	-6,47312E-1	7,40000E+1	-7,48578E+1	-7,75897E+1
7,50000E-2	2,91845E+0	7,50000E+1	-6,97857E+1	-7,46883E+1
7,60000E-2	6,47823E-1	7,60000E+1	-7,26354E+1	-7,85673E+1
7,70000E-2	-2,92558E+0	7,70000E+1	-7,21011E+1	-8,91532E+1
7,80000E-2	-6,49859E-1	7,80000E+1	-7,24377E+1	-8,70924E+1
7,90000E-2	2,92099E+0	7,90000E+1	-7,54475E+1	-8,12021E+1
8,00000E-2	6,46550E-1	8,00000E+1	-7,27024E+1	-8,28601E+1
8,10000E-2	-2,92812E+0	8,10000E+1	-7,38636E+1	-8,64717E+1
8,20000E-2	-6,47312E-1	8,20000E+1	-7,16163E+1	-8,14517E+1
8,30000E-2	2,92227E+0	8,30000E+1	-7,60713E+1	-8,39999E+1
8,40000E-2	6,44003E-1	8,40000E+1	-7,46562E+1	-9,16736E+1
8,50000E-2	-2,92558E+0	8,50000E+1	-7,51702E+1	-9,02129E+1
8,60000E-2	-6,48585E-1	8,60000E+1	-7,43142E+1	-9,30914E+1
8,70000E-2	2,91717E+0	8,70000E+1	-7,16565E+1	-8,55604E+1
8,80000E-2	6,46550E-1	8,80000E+1	-7,25519E+1	-9,13776E+1
8,90000E-2	-2,92430E+0	8,90000E+1	-7,44383E+1	-8,47288E+1
9,00000E-2	-6,51132E-1	9,00000E+1	-7,30363E+1	-9,50276E+1
9,10000E-2	2,92099E+0	9,10000E+1	-7,11468E+1	-8,65658E+1
9,20000E-2	6,47823E-1	9,20000E+1	-7,19282E+1	-8,56237E+1
9,30000E-2	-2,92558E+0	9,30000E+1	-7,22777E+1	-8,36805E+1
9,40000E-2	-6,48585E-1	9,40000E+1	-7,51208E+1	-8,54384E+1
9,50000E-2	2,92099E+0	9,50000E+1	-7,41621E+1	-8,78867E+1
9,60000E-2	6,49097E-1	9,60000E+1	-7,05299E+1	-8,01495E+1
9,70000E-2	-2,92048E+0	9,70000E+1	-7,36158E+1	-8,20896E+1
9,80000E-2	-6,51132E-1	9,80000E+1	-7,40000E+1	-7,79032E+1
9,90000E-2	2,91972E+0	9,90000E+1	-7,11036E+1	-8,06972E+1
1,00000E-1	6,54191E-1	1,00000E+2	-7,32130E+1	-9,65666E+1
1,01000E-1	-2,92558E+0	1,01000E+2	-7,44264E+1	-8,64282E+1
1,02000E-1	-6,54953E-1	1,02000E+2	-7,39679E+1	-8,62184E+1
1,03000E-1	2,92227E+0	1,03000E+2	-6,98640E+1	-7,96478E+1
1,04000E-1	6,50370E-1	1,04000E+2	-7,24999E+1	-8,58292E+1
1,05000E-1	-2,92558E+0	1,05000E+2	-7,26063E+1	-8,66863E+1
1,06000E-1	-6,51132E-1	1,06000E+2	-7,04733E+1	-8,55806E+1
1,07000E-1	2,92099E+0	1,07000E+2	-7,13157E+1	-8,62399E+1
1,08000E-1	6,52917E-1	1,08000E+2	-7,28763E+1	-8,10495E+1
1,09000E-1	-2,92048E+0	1,09000E+2	-7,12910E+1	-8,25386E+1
1,10000E-1	-6,57500E-1	1,10000E+2	-7,02116E+1	-7,93596E+1
1,11000E-1	2,91972E+0	1,11000E+2	-7,51861E+1	-7,94897E+1
1,12000E-1	6,55464E-1	1,12000E+2	-7,31535E+1	-8,71814E+1
1,13000E-1	-2,92303E+0	1,13000E+2	-7,13378E+1	-8,62881E+1
1,14000E-1	-6,53679E-1	1,14000E+2	-7,27391E+1	-8,26418E+1
1,15000E-1	2,92227E+0	1,15000E+2	-7,09509E+1	-8,04815E+1
1,16000E-1	6,50370E-1	1,16000E+2	-7,32102E+1	-8,30383E+1
1,17000E-1	-2,92176E+0	1,17000E+2	-7,14766E+1	-8,57237E+1
1,18000E-1	-6,52406E-1	1,18000E+2	-6,95297E+1	-7,99507E+1
1,19000E-1	2,91590E+0	1,19000E+2	-7,25654E+1	-8,35601E+1
1,20000E-1	6,54191E-1	1,20000E+2	-7,13681E+1	-9,10120E+1
1,21000E-1	-2,91921E+0	1,21000E+2	-7,05664E+1	-8,37295E+1
1,22000E-1	-6,58773E-1	1,22000E+2	-7,28540E+1	-8,38258E+1
1,23000E-1	2,91972E+0	1,23000E+2	-7,13731E+1	-9,42351E+1
1,24000E-1	6,58011E-1	1,24000E+2	-7,07721E+1	-8,50790E+1
1,25000E-1	-2,92303E+0	1,25000E+2	-7,13147E+1	-8,41261E+1
1,26000E-1	-6,57500E-1	1,26000E+2	-7,10430E+1	-9,24500E+1
1,27000E-1	2,92227E+0	1,27000E+2	-7,13948E+1	-9,87093E+1
1,28000E-1	6,55464E-1	1,28000E+2	-7,18872E+1	-1,11700E+2
1,29000E-1	-2,92176E+0	1,29000E+2	-7,22485E+1	-9,18103E+1
1,30000E-1	-6,56226E-1	1,30000E+2	-7,30784E+1	-8,45590E+1
1,31000E-1	2,91972E+0	1,31000E+2	-7,14163E+1	-9,06355E+1
1,32000E-1	6,52917E-1	1,32000E+2	-7,06046E+1	-8,41976E+1
1,33000E-1	-2,91921E+0	1,33000E+2	-7,21777E+1	-7,90919E+1
1,34000E-1	-6,58773E-1	1,34000E+2	-7,21683E+1	-8,52657E+1
1,35000E-1	2,91717E+0	1,35000E+2	-7,17962E+1	-9,35863E+1
1,36000E-1	6,55464E-1	1,36000E+2	-7,02408E+1	-8,78405E+1
1,37000E-1	-2,92176E+0	1,37000E+2	-7,09032E+1	-8,86700E+1
1,38000E-1	-6,62593E-1	1,38000E+2	-7,00026E+1	-8,76476E+1
1,39000E-1	2,91972E+0	1,39000E+2	-7,09741E+1	-9,13124E+1
1,40000E-1	6,58011E-1	1,40000E+2	-7,12362E+1	-9,40047E+1
1,41000E-1	-2,92558E+0	1,41000E+2	-7,05080E+1	-9,73894E+1
1,42000E-1	-6,58773E-1	1,42000E+2	-7,04964E+1	-8,95158E+1
1,43000E-1	2,91845E+0	1,43000E+2	-7,14594E+1	-8,26537E+1
1,44000E-1	6,55464E-1	1,44000E+2	-7,04211E+1	-9,40452E+1
1,45000E-1	-2,92048E+0	1,45000E+2	-7,02445E+1	-8,54513E+1
1,46000E-1	-6,57500E-1	1,46000E+2	-7,00129E+1	-8,38522E+1
1,47000E-1	2,91590E+0	1,47000E+2	-6,98020E+1	-8,30574E+1
1,48000E-1	6,59285E-1	1,48000E+2	-7,12197E+1	-8,30876E+1
1,49000E-1	-2,91921E+0	1,49000E+2	-7,29853E+1	-7,89720E+1
1,50000E-1	-6,65140E-1	1,50000E+2	-6,82584E+1	-7,93236E+1
1,51000E-1	2,91590E+0	1,51000E+2	-6,95512E+1	-8,50010E+1
1,52000E-1	6,61832E-1	1,52000E+2	-6,86062E+1	-8,36181E+1
1,53000E-1	-2,92303E+0	1,53000E+2	-6,98749E+1	-9,79679E+1
1,54000E-1	-6,63867E-1	1,54000E+2	-7,07632E+1	-9,51324E+1
1,55000E-1	2,92099E+0	1,55000E+2	-7,13669E+1	-9,06438E+1
1,56000E-1	6,59285E-1	1,56000E+2	-7,03858E+1	-8,67206E+1
1,57000E-1	-2,92048E+0	1,57000E+2	-6,83283E+1	-8,29479E+1
1,58000E-1	-6,61320E-1	1,58000E+2	-6,94671E+1	-8,59830E+1
1,59000E-1	2,91845E+0	1,59000E+2	-6,83930E+1	-8,13510E+1
1,60000E-1	6,58011E-1	1,60000E+2	-6,97427E+1	-8,21882E+1
1,61000E-1	-2,91794E+0	1,61000E+2	-6,87710E+1	-8,63736E+1
1,62000E-1	-6,63867E-1	1,62000E+2	-6,85497E+1	-1,03445E+2
1,63000E-1	2,91463E+0	1,63000E+2	-6,81517E+1	-8,53086E+1
1,64000E-1	6,65652E-1	1,64000E+2	-7,03888E+1	-8,05696E+1
1,65000E-1	-2,92048E+0	1,65000E+2	-6,80674E+1	-8,27282E+1
1,66000E-1	-6,66414E-1	1,66000E+2	-6,88405E+1	-8,47749E+1
1,67000E-1	2,91972E+0	1,67000E+2	-6,93621E+1	-9,09487E+1
1,68000E-1	6,63105E-1	1,68000E+2	-7,11586E+1	-8,21616E+1
1,69000E-1	-2,92048E+0	1,69000E+2	-6,86651E+1	-8,10824E+1
1,70000E-1	-6,63867E-1	1,70000E+2	-7,03506E+1	-8,21947E+1
1,71000E-1	2,91335E+0	1,71000E+2	-7,14827E+1	-8,21841E+1
1,72000E-1	6,64379E-1	1,72000E+2	-6,86828E+1	-8,10540E+1
1,73000E-1	-2,92048E+0	1,73000E+2	-6,89266E+1	-8,24900E+1
1,74000E-1	-6,70234E-1	1,74000E+2	-6,78672E+1	-9,17862E+1
1,75000E-1	2,91845E+0	1,75000E+2	-6,62395E+1	-7,98969E+1
1,76000E-1	6,64379E-1	1,76000E+2	-6,85273E+1	-8,19691E+1
1,77000E-1	-2,92048E+0	1,77000E+2	-6,74666E+1	-9,45665E+1
1,78000E-1	-6,66414E-1	1,78000E+2	-6,68690E+1	-8,88158E+1
1,79000E-1	2,91335E+0	1,79000E+2	-6,56908E+1	-8,08673E+1
1,80000E-1	6,65652E-1	1,80000E+2	-6,75361E+1	-8,98827E+1
1,81000E-1	-2,91666E+0	1,81000E+2	-6,85715E+1	-7,90759E+1
1,82000E-1	-6,72781E-1	1,82000E+2	-6,66628E+1	-8,02111E+1
1,83000E-1	2,91717E+0	1,83000E+2	-6,81441E+1	-8,18558E+1
1,84000E-1	6,66925E-1	1,84000E+2	-6,63913E+1	-8,32876E+1
1,85000E-1	-2,92303E+0	1,85000E+2	-6,73280E+1	-8,80942E+1
1,86000E-1	-6,66414E-1	1,86000E+2	-6,69542E+1	-9,66910E+1
1,87000E-1	2,91335E+0	1,87000E+2	-6,59794E+1	-8,24808E+1
1,88000E-1	6,72019E-1	1,88000E+2	-6,77221E+1	-8,22781E+1
1,89000E-1	-2,92048E+0	1,89000E+2	-6,69848E+1	-1,03403E+2
1,90000E-1	-6,72781E-1	1,90000E+2	-6,62941E+1	-8,43265E+1
1,91000E-1	2,91845E+0	1,91000E+2	-6,59856E+1	-9,65127E+1
1,92000E-1	6,68199E-1	1,92000E+2	-6,57976E+1	-8,42455E+1
1,93000E-1	-2,91921E+0	1,93000E+2	-6,55568E+1	-9,44441E+1
1,94000E-1	-6,68961E-1	1,94000E+2	-6,56097E+1	-9,41866E+1
1,95000E-1	2,91208E+0	1,95000E+2	-6,63110E+1	-8,44049E+1
1,96000E-1	6,70746E-1	1,96000E+2	-6,52791E+1	-8,20239E+1
1,97000E-1	-2,91794E+0	1,97000E+2	-6,46766E+1	-8,31214E+1
1,98000E-1	-6,75328E-1	1,98000E+2	-6,50735E+1	-8,50240E+1
1,99000E-1	2,91845E+0	1,99000E+2	-6,51897E+1	-8,15779E+1
2,00000E-1	6,72019E-1	2,00000E+2	-6,46449E+1	-8,30087E+1
2,01000E-1	-2,92048E+0	2,01000E+2	-6,54394E+1	-8,67022E+1
2,02000E-1	-6,71508E-1	2,02000E+2	-6,47762E+1	-8,58773E+1
2,03000E-1	2,91590E+0	2,03000E+2	-6,43956E+1	-8,37088E+1
2,04000E-1	6,72019E-1	2,04000E+2	-6,40318E+1	-8,24478E+1
2,05000E-1	-2,91412E+0	2,05000E+2	-6,46037E+1	-8,53152E+1
2,06000E-1	-6,77875E-1	2,06000E+2	-6,38671E+1	-8,63937E+1
2,07000E-1	2,91590E+0	2,07000E+2	-6,37276E+1	-8,95710E+1
2,08000E-1	6,72019E-1	2,08000E+2	-6,42796E+1	-8,19381E+1
2,09000E-1	-2,92048E+0	2,09000E+2	-6,51430E+1	-7,68035E+1
2,10000E-1	-6,72781E-1	2,10000E+2	-6,37833E+1	-7,94715E+1
2,11000E-1	2,91463E+0	2,11000E+2	-6,30440E+1	-7,98175E+1
2,12000E-1	6,69472E-1	2,12000E+2	-6,36460E+1	-8,22771E+1
2,13000E-1	-2,91539E+0	2,13000E+2	-6,33149E+1	-8,54964E+1
2,14000E-1	-6,76602E-1	2,14000E+2	-6,18792E+1	-8,00884E+1
2,15000E-1	2,91590E+0	2,15000E+2	-6,20864E+1	-7,88475E+1
2,16000E-1	6,78387E-1	2,16000E+2	-6,25524E+1	-8,45490E+1
2,17000E-1	-2,91921E+0	2,17000E+2	-6,16473E+1	-8,25104E+1
2,18000E-1	-6,79149E-1	2,18000E+2	-6,11606E+1	-8,72513E+1
2,19000E-1	2,91717E+0	2,19000E+2	-6,14763E+1	-8,02844E+1
2,20000E-1	6,75840E-1	2,20000E+2	-6,11117E+1	-8,57647E+1
2,21000E-1	-2,92048E+0	2,21000E+2	-6,11075E+1	-8,76282E+1
2,22000E-1	-6,76602E-1	2,22000E+2	-6,03657E+1	-9,09586E+1
2,23000E-1	2,91463E+0	2,23000E+2	-5,96532E+1	-8,77487E+1
2,24000E-1	6,77113E-1	2,24000E+2	-5,86940E+1	-7,93740E+1
2,25000E-1	-2,91412E+0	2,25000E+2	-5,92259E+1	-7,58730E+1
2,26000E-1	-6,77875E-1	2,26000E+2	-5,85691E+1	-7,97490E+1
2,27000E-1	2,91208E+0	2,27000E+2	-5,86470E+1	-9,17781E+1
2,28000E-1	6,79660E-1	2,28000E+2	-5,83646E+1	-9,36951E+1
2,29000E-1	-2,91794E+0	2,29000E+2	-5,83667E+1	-8,31374E+1
2,30000E-1	-6,82969E-1	2,30000E+2	-5,75387E+1	-8,20326E+1
2,31000E-1	2,91590E+0	2,31000E+2	-5,75183E+1	-1,01930E+2
2,32000E-1	6,77113E-1	2,32000E+2	-5,73859E+1	-8,09094E+1
2,33000E-1	-2,92048E+0	2,33000E+2	-5,65769E+1	-8,65235E+1
2,34000E-1	-6,79149E-1	2,34000E+2	-5,57882E+1	-8,60284E+1
2,35000E-1	2,91463E+0	2,35000E+2	-5,55699E+1	-8,22891E+1
2,36000E-1	6,74566E-1	2,36000E+2	-5,46134E+1	-8,87055E+1
2,37000E-1	-2,91666E+0	2,37000E+2	-5,40168E+1	-9,35560E+1
2,38000E-1	-6,81696E-1	2,38000E+2	-5,32944E+1	-9,02864E+1
2,39000E-1	2,91081E+0	2,39000E+2	-5,27710E+1	-7,88552E+1
2,40000E-1	6,78387E-1	2,40000E+2	-5,16976E+1	-7,77603E+1
2,41000E-1	-2,91794E+0	2,41000E+2	-5,07791E+1	-8,11555E+1
2,42000E-1	-6,85516E-1	2,42000E+2	-4,97981E+1	-8,50917E+1
2,43000E-1	2,91335E+0	2,43000E+2	-4,86648E+1	-8,49593E+1
2,44000E-1	6,80934E-1	2,44000E+2	-4,74383E+1	-7,86644E+1
2,45000E-1	-2,91921E+0	2,45000E+2	-4,59645E+1	-7,18875E+1
2,46000E-1	-6,84243E-1	2,46000E+2	-4,40492E+1	-6,81481E+1
2,47000E-1	2,91335E+0	2,47000E+2	-4,16178E+1	-5,86732E+1
2,48000E-1	6,78387E-1	2,48000E+2	-3,79544E+1	-4,74190E+1
2,49000E-1	-2,91539E+0	2,49000E+2	-3,18618E+1	6,47132E-1
2,50000E-1	-6,85516E-1	2,50000E+2	6,51159E+0	6,51312E+0
2,51000E-1	2,90953E+0	2,51000E+2	-3,21201E+1	3,37389E-1
2,52000E-1	6,82207E-1	2,52000E+2	-3,80945E+1	-4,78263E+1
2,53000E-1	-2,91794E+0	2,53000E+2	-4,16663E+1	-5,94190E+1
2,54000E-1	-6,88063E-1	2,54000E+2	-4,41696E+1	-6,82322E+1
2,55000E-1	2,91335E+0	2,55000E+2	-4,62507E+1	-7,14838E+1
2,56000E-1	6,84754E-1	2,56000E+2	-4,78326E+1	-7,58969E+1
2,57000E-1	-2,91921E+0	2,57000E+2	-4,89820E+1	-8,37929E+1
2,58000E-1	-6,85516E-1	2,58000E+2	-4,99978E+1	-9,17887E+1
2,59000E-1	2,91590E+0	2,59000E+2	-5,10921E+1	-8,65235E+1
2,60000E-1	6,82207E-1	2,60000E+2	-5,20355E+1	-8,73610E+1
2,61000E-1	-2,91539E+0	2,61000E+2	-5,32652E+1	-7,52414E+1
2,62000E-1	-6,84243E-1	2,62000E+2	-5,36377E+1	-7,62375E+1
2,63000E-1	2,91335E+0	2,63000E+2	-5,43959E+1	-7,86925E+1
2,64000E-1	6,84754E-1	2,64000E+2	-5,53358E+1	-8,00781E+1
2,65000E-1	-2,91412E+0	2,65000E+2	-5,56770E+1	-8,51525E+1
2,66000E-1	-6,86790E-1	2,66000E+2	-5,63509E+1	-8,02736E+1
2,67000E-1	2,91335E+0	2,67000E+2	-5,72042E+1	-8,24361E+1
2,68000E-1	6,88575E-1	2,68000E+2	-5,74233E+1	-9,19329E+1
2,69000E-1	-2,91666E+0	2,69000E+2	-5,76720E+1	-8,55709E+1
2,70000E-1	-6,90610E-1	2,70000E+2	-5,84313E+1	-8,20080E+1
2,71000E-1	2,91463E+0	2,71000E+2	-5,91767E+1	-7,59675E+1
2,72000E-1	6,87301E-1	2,72000E+2	-5,84958E+1	-7,49753E+1
2,73000E-1	-2,91921E+0	2,73000E+2	-5,97623E+1	-8,07881E+1
2,74000E-1	-6,88063E-1	2,74000E+2	-6,01273E+1	-9,04645E+1
2,75000E-1	2,91335E+0	2,75000E+2	-5,99944E+1	-8,42926E+1
2,76000E-1	6,88575E-1	2,76000E+2	-6,06943E+1	-8,26409E+1
2,77000E-1	-2,91284E+0	2,77000E+2	-6,10005E+1	-8,98514E+1
2,78000E-1	-6,89337E-1	2,78000E+2	-6,16348E+1	-8,78498E+1
2,79000E-1	2,91081E+0	2,79000E+2	-6,23415E+1	-8,12713E+1
2,80000E-1	6,91122E-1	2,80000E+2	-6,15274E+1	-8,12557E+1
2,81000E-1	-2,91539E+0	2,81000E+2	-6,25523E+1	-8,74727E+1
2,82000E-1	-6,91884E-1	2,82000E+2	-6,28697E+1	-8,92998E+1
2,83000E-1	2,91335E+0	2,83000E+2	-6,33594E+1	-9,89373E+1
2,84000E-1	6,88575E-1	2,84000E+2	-6,36718E+1	-9,05394E+1
2,85000E-1	-2,91412E+0	2,85000E+2	-6,33044E+1	-8,57925E+1
2,86000E-1	-6,88063E-1	2,86000E+2	-6,19059E+1	-7,62819E+1
2,87000E-1	2,91208E+0	2,87000E+2	-6,41724E+1	-7,69743E+1
2,88000E-1	6,91122E-1	2,88000E+2	-6,28648E+1	-7,69242E+1
2,89000E-1	-2,91157E+0	2,89000E+2	-6,39930E+1	-8,20346E+1
2,90000E-1	-6,96978E-1	2,90000E+2	-6,51378E+1	-8,50248E+1
2,91000E-1	2,91081E+0	2,91000E+2	-6,46178E+1	-8,65246E+1
2,92000E-1	6,94942E-1	2,92000E+2	-6,48453E+1	-9,02796E+1
2,93000E-1	-2,91412E+0	2,93000E+2	-6,54179E+1	-9,27892E+1
2,94000E-1	-6,94431E-1	2,94000E+2	-6,55327E+1	-9,03169E+1
2,95000E-1	2,91335E+0	2,95000E+2	-6,55969E+1	-8,28559E+1
2,96000E-1	6,92395E-1	2,96000E+2	-6,52259E+1	-8,35381E+1
2,97000E-1	-2,91157E+0	2,97000E+2	-6,59160E+1	-9,19349E+1
2,98000E-1	-6,93157E-1	2,98000E+2	-6,56986E+1	-8,74576E+1
2,99000E-1	2,91081E+0	2,99000E+2	-6,68564E+1	-8,12049E+1
3,00000E-1	6,89848E-1	3,00000E+2	-6,62766E+1	-8,19896E+1
3,01000E-1	-2,91030E+0	3,01000E+2	-6,68922E+1	-9,44559E+1
3,02000E-1	-6,95704E-1	3,02000E+2	-6,70396E+1	-8,04573E+1
3,03000E-1	2,90826E+0	3,03000E+2	-7,04592E+1	-7,70421E+1
3,04000E-1	6,97489E-1	3,04000E+2	-6,77007E+1	-8,46957E+1
3,05000E-1	-2,91412E+0	3,05000E+2	-6,76918E+1	-8,41096E+1
3,06000E-1	-6,98251E-1	3,06000E+2	-7,07472E+1	-7,74378E+1
3,07000E-1	2,91081E+0	3,07000E+2	-6,74389E+1	-8,28603E+1
3,08000E-1	6,96216E-1	3,08000E+2	-6,63752E+1	-8,08912E+1
3,09000E-1	-2,91539E+0	3,09000E+2	-6,79183E+1	-8,59514E+1
3,10000E-1	-6,96978E-1	3,10000E+2	-6,84349E+1	-8,23541E+1
3,11000E-1	2,91335E+0	3,11000E+2	-7,18917E+1	-7,55346E+1
3,12000E-1	6,94942E-1	3,12000E+2	-6,78583E+1	-8,20633E+1
3,13000E-1	-2,91666E+0	3,13000E+2	-6,76543E+1	-8,45160E+1
3,14000E-1	-6,94431E-1	3,14000E+2	-6,74023E+1	-8,05052E+1
3,15000E-1	2,91081E+0	3,15000E+2	-6,76533E+1	-8,04201E+1
3,16000E-1	6,97489E-1	3,16000E+2	-7,20944E+1	-7,60849E+1
3,17000E-1	-2,90902E+0	3,17000E+2	-7,65807E+1	-7,43625E+1
3,18000E-1	-7,03345E-1	3,18000E+2	-6,75788E+1	-7,28214E+1
3,19000E-1	2,90826E+0	3,19000E+2	-7,24637E+1	-7,51279E+1
3,20000E-1	6,98763E-1	3,20000E+2	-6,76673E+1	-8,30956E+1
3,21000E-1	-2,91412E+0	3,21000E+2	-6,68177E+1	-7,80885E+1
3,22000E-1	-6,99525E-1	3,22000E+2	-6,90904E+1	-7,42330E+1
3,23000E-1	2,91208E+0	3,23000E+2	-7,08941E+1	-7,49742E+1
3,24000E-1	6,97489E-1	3,24000E+2	-6,71909E+1	-7,20419E+1
3,25000E-1	-2,91157E+0	3,25000E+2	-7,51565E+1	-6,86323E+1
3,26000E-1	-6,98251E-1	3,26000E+2	-6,85275E+1	-6,85386E+1
3,27000E-1	2,91081E+0	3,27000E+2	-6,48172E+1	-7,08457E+1
3,28000E-1	7,01310E-1	3,28000E+2	-6,64599E+1	-6,93789E+1
3,29000E-1	-2,91284E+0	3,29000E+2	-6,95164E+1	-7,27336E+1
3,30000E-1	-7,00798E-1	3,30000E+2	-8,29353E+1	-6,93926E+1
3,31000E-1	2,90699E+0	3,31000E+2	-6,84368E+1	-6,83922E+1
3,32000E-1	6,98763E-1	3,32000E+2	-8,58292E+1	-6,79046E+1
3,33000E-1	-2,91157E+0	3,33000E+2	-6,84118E+1	-6,80461E+1
3,34000E-1	-7,04618E-1	3,34000E+2	-7,33120E+1	-6,65014E+1
3,35000E-1	2,90953E+0	3,35000E+2	-6,55956E+1	-6,76044E+1
3,36000E-1	7,01310E-1	3,36000E+2	-7,05769E+1	-6,87796E+1
3,37000E-1	-2,91539E+0	3,37000E+2	-7,15710E+1	-6,86467E+1
3,38000E-1	-7,00798E-1	3,38000E+2	-7,04733E+1	-6,87200E+1
3,39000E-1	2,91208E+0	3,39000E+2	-7,05689E+1	-7,26414E+1
3,40000E-1	6,97489E-1	3,40000E+2	-7,28946E+1	-8,16247E+1
3,41000E-1	-2,91157E+0	3,41000E+2	-6,89274E+1	-7,05637E+1
3,42000E-1	-6,99525E-1	3,42000E+2	-7,30389E+1	-6,93658E+1
3,43000E-1	2,90571E+0	3,43000E+2	-7,01837E+1	-6,93666E+1
3,44000E-1	7,02583E-1	3,44000E+2	-6,70233E+1	-6,83443E+1
3,45000E-1	-2,90902E+0	3,45000E+2	-6,60435E+1	-7,34459E+1
3,46000E-1	-7,04618E-1	3,46000E+2	-6,81104E+1	-8,93135E+1
3,47000E-1	2,90317E+0	3,47000E+2	-7,00858E+1	-7,63978E+1
3,48000E-1	7,06404E-1	3,48000E+2	-6,63805E+1	-7,11911E+1
3,49000E-1	-2,91157E+0	3,49000E+2	-7,12528E+1	-7,06771E+1
3,50000E-1	-7,05892E-1	3,50000E+2	-6,78536E+1	-7,05911E+1
3,51000E-1	2,91208E+0	3,51000E+2	-7,69443E+1	-7,25829E+1
3,52000E-1	7,02583E-1	3,52000E+2	-7,37127E+1	-7,74517E+1
3,53000E-1	-2,91030E+0	3,53000E+2	-6,93271E+1	-7,29823E+1
3,54000E-1	-7,03345E-1	3,54000E+2	-8,30467E+1	-7,21075E+1
3,55000E-1	2,90699E+0	3,55000E+2	-7,05876E+1	-7,58678E+1
3,56000E-1	7,06404E-1	3,56000E+2	-7,37060E+1	-8,63239E+1
3,57000E-1	-2,90775E+0	3,57000E+2	-7,32880E+1	-7,60519E+1
3,58000E-1	-7,07165E-1	3,58000E+2	-6,92541E+1	-7,14141E+1
3,59000E-1	2,90571E+0	3,59000E+2	-7,07606E+1	-7,67321E+1
3,60000E-1	7,10224E-1	3,60000E+2	-7,28949E+1	-8,95718E+1
3,61000E-1	-2,91030E+0	3,61000E+2	-7,56575E+1	-7,85542E+1
3,62000E-1	-7,10986E-1	3,62000E+2	-7,12262E+1	-8,39243E+1
3,63000E-1	2,90699E+0	3,63000E+2	-7,04539E+1	-8,77683E+1
3,64000E-1	7,07677E-1	3,64000E+2	-7,06445E+1	-8,38404E+1
3,65000E-1	-2,91412E+0	3,65000E+2	-6,88096E+1	-7,63123E+1
3,66000E-1	-7,09712E-1	3,66000E+2	-7,40721E+1	-8,23801E+1
3,67000E-1	2,90953E+0	3,67000E+2	-7,59164E+1	-8,56083E+1
3,68000E-1	7,06404E-1	3,68000E+2	-7,27711E+1	-8,63038E+1
3,69000E-1	-2,91030E+0	3,69000E+2	-7,14053E+1	-7,65895E+1
3,70000E-1	-7,05892E-1	3,70000E+2	-7,21863E+1	-7,49466E+1
3,71000E-1	2,90444E+0	3,71000E+2	-7,32830E+1	-8,15906E+1
3,72000E-1	7,07677E-1	3,72000E+2	-8,21508E+1	-8,24978E+1
3,73000E-1	-2,91030E+0	3,73000E+2	-7,67131E+1	-8,08641E+1
3,74000E-1	-7,13533E-1	3,74000E+2	-7,01378E+1	-7,56632E+1
3,75000E-1	2,90571E+0	3,75000E+2	-7,15360E+1	-7,62048E+1
3,76000E-1	7,11497E-1	3,76000E+2	-7,81822E+1	-7,92149E+1
3,77000E-1	-2,91284E+0	3,77000E+2	-7,38051E+1	-8,08994E+1
3,78000E-1	-7,10986E-1	3,78000E+2	-7,70675E+1	-8,16374E+1
3,79000E-1	2,90699E+0	3,79000E+2	-7,56857E+1	-9,14810E+1
3,80000E-1	7,07677E-1	3,80000E+2	-7,22539E+1	-8,09536E+1
3,81000E-1	-2,91030E+0	3,81000E+2	-7,36691E+1	-8,26491E+1
3,82000E-1	-7,13533E-1	3,82000E+2	-7,71842E+1	-8,13663E+1
3,83000E-1	2,90189E+0	3,83000E+2	-7,64722E+1	-8,01697E+1
3,84000E-1	7,15318E-1	3,84000E+2	-7,62589E+1	-9,14652E+1
3,85000E-1	-2,91030E+0	3,85000E+2	-7,53983E+1	-8,81096E+1
3,86000E-1	-7,16080E-1	3,86000E+2	-7,80426E+1	-7,94042E+1
3,87000E-1	2,90826E+0	3,87000E+2	-7,39739E+1	-7,84088E+1
3,88000E-1	7,11497E-1	3,88000E+2	-7,73259E+1	-9,49586E+1
3,89000E-1	-2,91157E+0	3,89000E+2	-7,61949E+1	-7,92134E+1
3,90000E-1	-7,13533E-1	3,90000E+2	-7,55570E+1	-8,13775E+1
3,91000E-1	2,90699E+0	3,91000E+2	-7,99483E+1	-8,22542E+1
3,92000E-1	7,14044E-1	3,92000E+2	-7,46156E+1	-8,44443E+1
3,93000E-1	-2,90648E+0	3,93000E+2	-7,57061E+1	-8,65694E+1
3,94000E-1	-7,14806E-1	3,94000E+2	-7,40408E+1	-8,60939E+1
3,95000E-1	2,90317E+0	3,95000E+2	-7,43583E+1	-8,43469E+1
3,96000E-1	7,16591E-1	3,96000E+2	-7,90650E+1	-7,83509E+1
3,97000E-1	-2,90902E+0	3,97000E+2	-7,64568E+1	-7,75899E+1
3,98000E-1	-7,17353E-1	3,98000E+2	-7,41783E+1	-7,88206E+1
3,99000E-1	2,90826E+0	3,99000E+2	-8,08268E+1	-7,71067E+1
4,00000E-1	7,15318E-1	4,00000E+2	-7,76381E+1	-8,17440E+1
4,01000E-1	-2,91157E+0	4,01000E+2	-7,53129E+1	-7,70168E+1
4,02000E-1	-7,13533E-1	4,02000E+2	-7,91434E+1	-7,24559E+1
4,03000E-1	2,90571E+0	4,03000E+2	-7,29215E+1	-7,44128E+1
4,04000E-1	7,15318E-1	4,04000E+2	-7,02465E+1	-7,53686E+1
4,05000E-1	-2,90520E+0	4,05000E+2	-7,57681E+1	-7,69631E+1
4,06000E-1	-7,22447E-1	4,06000E+2	-7,07017E+1	-8,03436E+1
4,07000E-1	2,90571E+0	4,07000E+2	-7,01256E+1	-8,25851E+1
4,08000E-1	7,17865E-1	4,08000E+2	-7,24319E+1	-8,18320E+1
4,09000E-1	-2,90648E+0	4,09000E+2	-7,42295E+1	-7,79461E+1
4,10000E-1	-7,18627E-1	4,10000E+2	-7,91640E+1	-8,93601E+1
4,11000E-1	2,90699E+0	4,11000E+2	-7,97433E+1	-7,64855E+1
4,12000E-1	7,12771E-1	4,12000E+2	-7,87838E+1	-8,05741E+1
4,13000E-1	-2,90775E+0	4,13000E+2	-7,28784E+1	-7,67824E+1
4,14000E-1	-7,19900E-1	4,14000E+2	-7,38932E+1	-8,17827E+1
4,15000E-1	2,90189E+0	4,15000E+2	-7,59325E+1	-7,88602E+1
4,16000E-1	7,17865E-1	4,16000E+2	-8,51552E+1	-7,94975E+1
4,17000E-1	-2,90902E+0	4,17000E+2	-7,41608E+1	-7,90824E+1
4,18000E-1	-7,22447E-1	4,18000E+2	-7,41880E+1	-7,86288E+1
4,19000E-1	2,90826E+0	4,19000E+2	-8,18273E+1	-7,57258E+1
4,20000E-1	7,17865E-1	4,20000E+2	-7,16586E+1	-7,45923E+1
4,21000E-1	-2,90648E+0	4,21000E+2	-7,64554E+1	-7,68816E+1
4,22000E-1	-7,18627E-1	4,22000E+2	-8,61640E+1	-7,91685E+1
4,23000E-1	2,90444E+0	4,23000E+2	-7,67910E+1	-8,01008E+1
4,24000E-1	7,15318E-1	4,24000E+2	-8,58764E+1	-7,88542E+1
4,25000E-1	-2,90520E+0	4,25000E+2	-7,42593E+1	-7,13667E+1
4,26000E-1	-7,21174E-1	4,26000E+2	-7,20836E+1	-7,26686E+1
4,27000E-1	2,89935E+0	4,27000E+2	-7,96241E+1	-8,30906E+1
4,28000E-1	7,22959E-1	4,28000E+2	-8,16714E+1	-7,65537E+1
4,29000E-1	-2,90648E+0	4,29000E+2	-7,38508E+1	-7,90218E+1
4,30000E-1	-7,23721E-1	4,30000E+2	-7,44272E+1	-8,30384E+1
4,31000E-1	2,90571E+0	4,31000E+2	-7,37664E+1	-8,19677E+1
4,32000E-1	7,21685E-1	4,32000E+2	-7,53862E+1	-7,65842E+1
4,33000E-1	-2,90775E+0	4,33000E+2	-8,00899E+1	-7,30861E+1
4,34000E-1	-7,21174E-1	4,34000E+2	-7,14989E+1	-7,45714E+1
4,35000E-1	2,90317E+0	4,35000E+2	-7,12324E+1	-7,83467E+1
4,36000E-1	7,21685E-1	4,36000E+2	-7,48700E+1	-8,23013E+1
4,37000E-1	-2,90265E+0	4,37000E+2	-8,50224E+1	-7,89181E+1
4,38000E-1	-7,23721E-1	4,38000E+2	-7,60564E+1	-7,97071E+1
4,39000E-1	2,89935E+0	4,39000E+2	-7,12772E+1	-7,75214E+1
4,40000E-1	7,28053E-1	4,40000E+2	-7,29702E+1	-7,68189E+1
4,41000E-1	-2,90648E+0	4,41000E+2	-8,10012E+1	-8,18233E+1
4,42000E-1	-7,27541E-1	4,42000E+2	-7,64950E+1	-7,71206E+1
4,43000E-1	2,90571E+0	4,43000E+2	-7,19208E+1	-7,61071E+1
4,44000E-1	7,22959E-1	4,44000E+2	-7,60206E+1	-8,92504E+1
4,45000E-1	-2,90648E+0	4,45000E+2	-8,48153E+1	-7,56840E+1
4,46000E-1	-7,23721E-1	4,46000E+2	-7,37577E+1	-8,11738E+1
4,47000E-1	2,90189E+0	4,47000E+2	-7,29649E+1	-8,07298E+1
4,48000E-1	7,25506E-1	4,48000E+2	-7,78474E+1	-7,62426E+1
4,49000E-1	-2,90265E+0	4,49000E+2	-8,02482E+1	-7,98182E+1
4,50000E-1	-7,27541E-1	4,50000E+2	-7,29111E+1	-7,75044E+1
4,51000E-1	2,90189E+0	4,51000E+2	-7,71010E+1	-7,99141E+1
4,52000E-1	7,28053E-1	4,52000E+2	-9,97570E+1	-7,72787E+1
4,53000E-1	-2,90520E+0	4,53000E+2	-7,80397E+1	-8,07101E+1
4,54000E-1	-7,28815E-1	4,54000E+2	-8,02001E+1	-8,29318E+1
4,55000E-1	2,90317E+0	4,55000E+2	-7,96361E+1	-9,22777E+1
4,56000E-1	7,26779E-1	4,56000E+2	-7,57243E+1	-9,06414E+1
4,57000E-1	-2,90902E+0	4,57000E+2	-7,55295E+1	-8,26471E+1
4,58000E-1	-7,30088E-1	4,58000E+2	-8,72804E+1	-7,90420E+1
4,59000E-1	2,90062E+0	4,59000E+2	-7,89657E+1	-8,13118E+1
4,60000E-1	7,25506E-1	4,60000E+2	-7,80241E+1	-8,71843E+1
4,61000E-1	-2,90520E+0	4,61000E+2	-7,76603E+1	-9,19828E+1
4,62000E-1	-7,31362E-1	4,62000E+2	-7,84309E+1	-9,16785E+1
4,63000E-1	2,89935E+0	4,63000E+2	-7,57580E+1	-8,23373E+1
4,64000E-1	7,29326E-1	4,64000E+2	-7,85129E+1	-9,19775E+1
4,65000E-1	-2,90520E+0	4,65000E+2	-8,10933E+1	-8,38783E+1
4,66000E-1	-7,33909E-1	4,66000E+2	-7,44945E+1	-8,04956E+1
4,67000E-1	2,90189E+0	4,67000E+2	-7,64327E+1	-8,03417E+1
4,68000E-1	7,31873E-1	4,68000E+2	-7,85910E+1	-8,26844E+1
4,69000E-1	-2,90902E+0	4,69000E+2	-8,21942E+1	-8,43336E+1
4,70000E-1	-7,30088E-1	4,70000E+2	-7,50974E+1	-8,09551E+1
4,71000E-1	2,90317E+0	4,71000E+2	-7,62258E+1	-8,25921E+1
4,72000E-1	7,28053E-1	4,72000E+2	-8,17906E+1	-9,04385E+1
4,73000E-1	-2,90520E+0	4,73000E+2	-8,28264E+1	-8,86976E+1
4,74000E-1	-7,28815E-1	4,74000E+2	-7,84573E+1	-8,16839E+1
4,75000E-1	2,90062E+0	4,75000E+2	-7,97496E+1	-7,53416E+1
4,76000E-1	7,31873E-1	4,76000E+2	-7,28377E+1	-7,46094E+1
4,77000E-1	-2,90393E+0	4,77000E+2	-7,90001E+1	-8,17434E+1
4,78000E-1	-7,37729E-1	4,78000E+2	-8,22072E+1	-9,26776E+1
4,79000E-1	2,90189E+0	4,79000E+2	-8,71625E+1	-8,38198E+1
4,80000E-1	7,34420E-1	4,80000E+2	-7,88146E+1	-9,39964E+1
4,81000E-1	-2,90648E+0	4,81000E+2	-7,60043E+1	-8,59559E+1
4,82000E-1	-7,33909E-1	4,82000E+2	-7,93385E+1	-8,70714E+1
4,83000E-1	2,90062E+0	4,83000E+2	-7,66067E+1	-8,55488E+1
4,84000E-1	7,30600E-1	4,84000E+2	-7,89940E+1	-8,28604E+1
4,85000E-1	-2,90393E+0	4,85000E+2	-7,74805E+1	-8,21577E+1
4,86000E-1	-7,37729E-1	4,86000E+2	-7,63711E+1	-8,19679E+1
4,87000E-1	2,89807E+0	4,87000E+2	-7,85723E+1	-8,39896E+1
4,88000E-1	7,34420E-1	4,88000E+2	-7,96651E+1	-8,83065E+1
4,89000E-1	-2,90138E+0	4,89000E+2	-8,59185E+1	-8,18173E+1
4,90000E-1	-7,40276E-1	4,90000E+2	-7,60781E+1	-7,76994E+1
4,91000E-1	2,89935E+0	4,91000E+2	-7,81463E+1	-7,79450E+1
4,92000E-1	7,36967E-1	4,92000E+2	-7,52619E+1	-8,16165E+1
4,93000E-1	-2,90520E+0	4,93000E+2	-7,49696E+1	-8,54951E+1
4,94000E-1	-7,37729E-1	4,94000E+2	-8,01858E+1	-8,82002E+1
4,95000E-1	2,89935E+0	4,95000E+2	-8,07605E+1	-8,90811E+1
4,96000E-1	7,33147E-1	4,96000E+2	-7,80631E+1	-8,74406E+1
4,97000E-1	-2,90265E+0	4,97000E+2	-8,16428E+1	-8,51277E+1
4,98000E-1	-7,39003E-1	4,98000E+2	-8,04594E+1	-8,42649E+1
4,99000E-1	2,89807E+0	4,99000E+2	-7,89770E+1	-7,21763E+1
5,00000E-1	7,35694E-1	0,00000E+0	0,00000E+0	0,00000E+0
5,01000E-1	-2,90265E+0	0,00000E+0	0,00000E+0	0,00000E+0
5,02000E-1	-7,41550E-1	0,00000E+0	0,00000E+0	0,00000E+0
5,03000E-1	2,90189E+0	0,00000E+0	0,00000E+0	0,00000E+0
5,04000E-1	7,36967E-1	0,00000E+0	0,00000E+0	0,00000E+0
5,05000E-1	-2,90648E+0	0,00000E+0	0,00000E+0	0,00000E+0
5,06000E-1	-7,36456E-1	0,00000E+0	0,00000E+0	0,00000E+0
5,07000E-1	2,89935E+0	0,00000E+0	0,00000E+0	0,00000E+0
5,08000E-1	7,34420E-1	0,00000E+0	0,00000E+0	0,00000E+0
5,09000E-1	-2,90011E+0	0,00000E+0	0,00000E+0	0,00000E+0
5,10000E-1	-7,40276E-1	0,00000E+0	0,00000E+0	0,00000E+0
5,11000E-1	2,89807E+0	0,00000E+0	0,00000E+0	0,00000E+0
5,12000E-1	7,42061E-1	0,00000E+0	0,00000E+0	0,00000E+0
5,13000E-1	-2,90265E+0	0,00000E+0	0,00000E+0	0,00000E+0
5,14000E-1	-7,44097E-1	0,00000E+0	0,00000E+0	0,00000E+0
5,15000E-1	2,89935E+0	0,00000E+0	0,00000E+0	0,00000E+0
5,16000E-1	7,42061E-1	0,00000E+0	0,00000E+0	0,00000E+0
5,17000E-1	-2,90520E+0	0,00000E+0	0,00000E+0	0,00000E+0
5,18000E-1	-7,40276E-1	0,00000E+0	0,00000E+0	0,00000E+0
5,19000E-1	2,89807E+0	0,00000E+0	0,00000E+0	0,00000E+0
5,20000E-1	7,38241E-1	0,00000E+0	0,00000E+0	0,00000E+0
5,21000E-1	-2,90138E+0	0,00000E+0	0,00000E+0	0,00000E+0
5,22000E-1	-7,41550E-1	0,00000E+0	0,00000E+0	0,00000E+0
5,23000E-1	2,89553E+0	0,00000E+0	0,00000E+0	0,00000E+0
5,24000E-1	7,40788E-1	0,00000E+0	0,00000E+0	0,00000E+0
5,25000E-1	-2,90138E+0	0,00000E+0	0,00000E+0	0,00000E+0
5,26000E-1	-7,46644E-1	0,00000E+0	0,00000E+0	0,00000E+0
5,27000E-1	2,89935E+0	0,00000E+0	0,00000E+0	0,00000E+0
5,28000E-1	7,42061E-1	0,00000E+0	0,00000E+0	0,00000E+0
5,29000E-1	-2,90138E+0	0,00000E+0	0,00000E+0	0,00000E+0
5,30000E-1	-7,44097E-1	0,00000E+0	0,00000E+0	0,00000E+0
5,31000E-1	2,90062E+0	0,00000E+0	0,00000E+0	0,00000E+0
5,32000E-1	7,39514E-1	0,00000E+0	0,00000E+0	0,00000E+0
5,33000E-1	-2,90011E+0	0,00000E+0	0,00000E+0	0,00000E+0
5,34000E-1	-7,46644E-1	0,00000E+0	0,00000E+0	0,00000E+0
5,35000E-1	2,89553E+0	0,00000E+0	0,00000E+0	0,00000E+0
5,36000E-1	7,44608E-1	0,00000E+0	0,00000E+0	0,00000E+0
5,37000E-1	-2,89883E+0	0,00000E+0	0,00000E+0	0,00000E+0
5,38000E-1	-7,50464E-1	0,00000E+0	0,00000E+0	0,00000E+0
5,39000E-1	2,89807E+0	0,00000E+0	0,00000E+0	0,00000E+0
5,40000E-1	7,47155E-1	0,00000E+0	0,00000E+0	0,00000E+0
5,41000E-1	-2,90138E+0	0,00000E+0	0,00000E+0	0,00000E+0
5,42000E-1	-7,45370E-1	0,00000E+0	0,00000E+0	0,00000E+0
5,43000E-1	2,89807E+0	0,00000E+0	0,00000E+0	0,00000E+0
5,44000E-1	7,40788E-1	0,00000E+0	0,00000E+0	0,00000E+0
5,45000E-1	-2,90138E+0	0,00000E+0	0,00000E+0	0,00000E+0
5,46000E-1	-7,47917E-1	0,00000E+0	0,00000E+0	0,00000E+0
5,47000E-1	2,89298E+0	0,00000E+0	0,00000E+0	0,00000E+0
5,48000E-1	7,48429E-1	0,00000E+0	0,00000E+0	0,00000E+0
5,49000E-1	-2,90138E+0	0,00000E+0	0,00000E+0	0,00000E+0
5,50000E-1	-7,51737E-1	0,00000E+0	0,00000E+0	0,00000E+0
5,51000E-1	2,89935E+0	0,00000E+0	0,00000E+0	0,00000E+0
5,52000E-1	7,47155E-1	0,00000E+0	0,00000E+0	0,00000E+0
5,53000E-1	-2,90265E+0	0,00000E+0	0,00000E+0	0,00000E+0
5,54000E-1	-7,47917E-1	0,00000E+0	0,00000E+0	0,00000E+0
5,55000E-1	2,89807E+0	0,00000E+0	0,00000E+0	0,00000E+0
5,56000E-1	7,49702E-1	0,00000E+0	0,00000E+0	0,00000E+0
5,57000E-1	-2,89883E+0	0,00000E+0	0,00000E+0	0,00000E+0
5,58000E-1	-7,54284E-1	0,00000E+0	0,00000E+0	0,00000E+0
5,59000E-1	2,89680E+0	0,00000E+0	0,00000E+0	0,00000E+0
5,60000E-1	7,49702E-1	0,00000E+0	0,00000E+0	0,00000E+0
5,61000E-1	-2,90393E+0	0,00000E+0	0,00000E+0	0,00000E+0
5,62000E-1	-7,50464E-1	0,00000E+0	0,00000E+0	0,00000E+0
5,63000E-1	2,89680E+0	0,00000E+0	0,00000E+0	0,00000E+0
5,64000E-1	7,47155E-1	0,00000E+0	0,00000E+0	0,00000E+0
5,65000E-1	-2,89883E+0	0,00000E+0	0,00000E+0	0,00000E+0
5,66000E-1	-7,51737E-1	0,00000E+0	0,00000E+0	0,00000E+0
5,67000E-1	2,89553E+0	0,00000E+0	0,00000E+0	0,00000E+0
5,68000E-1	7,54796E-1	0,00000E+0	0,00000E+0	0,00000E+0
5,69000E-1	-2,90011E+0	0,00000E+0	0,00000E+0	0,00000E+0
5,70000E-1	-7,54284E-1	0,00000E+0	0,00000E+0	0,00000E+0
5,71000E-1	2,89807E+0	0,00000E+0	0,00000E+0	0,00000E+0
5,72000E-1	7,48429E-1	0,00000E+0	0,00000E+0	0,00000E+0
5,73000E-1	-2,89883E+0	0,00000E+0	0,00000E+0	0,00000E+0
5,74000E-1	-7,53011E-1	0,00000E+0	0,00000E+0	0,00000E+0
5,75000E-1	2,89298E+0	0,00000E+0	0,00000E+0	0,00000E+0
5,76000E-1	7,52249E-1	0,00000E+0	0,00000E+0	0,00000E+0
5,77000E-1	-2,89883E+0	0,00000E+0	0,00000E+0	0,00000E+0
5,78000E-1	-7,56831E-1	0,00000E+0	0,00000E+0	0,00000E+0
5,79000E-1	2,89553E+0	0,00000E+0	0,00000E+0	0,00000E+0
5,80000E-1	7,53523E-1	0,00000E+0	0,00000E+0	0,00000E+0
5,81000E-1	-2,90265E+0	0,00000E+0	0,00000E+0	0,00000E+0
5,82000E-1	-7,54284E-1	0,00000E+0	0,00000E+0	0,00000E+0
5,83000E-1	2,89680E+0	0,00000E+0	0,00000E+0	0,00000E+0
5,84000E-1	7,50976E-1	0,00000E+0	0,00000E+0	0,00000E+0
5,85000E-1	-2,89629E+0	0,00000E+0	0,00000E+0	0,00000E+0
5,86000E-1	-7,55558E-1	0,00000E+0	0,00000E+0	0,00000E+0
5,87000E-1	2,89170E+0	0,00000E+0	0,00000E+0	0,00000E+0
5,88000E-1	7,57343E-1	0,00000E+0	0,00000E+0	0,00000E+0
5,89000E-1	-2,89883E+0	0,00000E+0	0,00000E+0	0,00000E+0
5,90000E-1	-7,59378E-1	0,00000E+0	0,00000E+0	0,00000E+0
5,91000E-1	2,89807E+0	0,00000E+0	0,00000E+0	0,00000E+0
5,92000E-1	7,56069E-1	0,00000E+0	0,00000E+0	0,00000E+0
5,93000E-1	-2,90011E+0	0,00000E+0	0,00000E+0	0,00000E+0
5,94000E-1	-7,54284E-1	0,00000E+0	0,00000E+0	0,00000E+0
5,95000E-1	2,89425E+0	0,00000E+0	0,00000E+0	0,00000E+0
5,96000E-1	7,56069E-1	0,00000E+0	0,00000E+0	0,00000E+0
5,97000E-1	-2,89501E+0	0,00000E+0	0,00000E+0	0,00000E+0
5,98000E-1	-7,63199E-1	0,00000E+0	0,00000E+0	0,00000E+0
5,99000E-1	2,89298E+0	0,00000E+0	0,00000E+0	0,00000E+0
6,00000E-1	7,59890E-1	0,00000E+0	0,00000E+0	0,00000E+0
6,01000E-1	-2,90011E+0	0,00000E+0	0,00000E+0	0,00000E+0
6,02000E-1	-7,59378E-1	0,00000E+0	0,00000E+0	0,00000E+0
6,03000E-1	2,89680E+0	0,00000E+0	0,00000E+0	0,00000E+0
6,04000E-1	7,57343E-1	0,00000E+0	0,00000E+0	0,00000E+0
6,05000E-1	-2,89756E+0	0,00000E+0	0,00000E+0	0,00000E+0
6,06000E-1	-7,58105E-1	0,00000E+0	0,00000E+0	0,00000E+0
6,07000E-1	2,89425E+0	0,00000E+0	0,00000E+0	0,00000E+0
6,08000E-1	7,59890E-1	0,00000E+0	0,00000E+0	0,00000E+0
6,09000E-1	-2,89501E+0	0,00000E+0	0,00000E+0	0,00000E+0
6,10000E-1	-7,60652E-1	0,00000E+0	0,00000E+0	0,00000E+0
6,11000E-1	2,89298E+0	0,00000E+0	0,00000E+0	0,00000E+0
6,12000E-1	7,63710E-1	0,00000E+0	0,00000E+0	0,00000E+0
6,13000E-1	-2,89629E+0	0,00000E+0	0,00000E+0	0,00000E+0
6,14000E-1	-7,64472E-1	0,00000E+0	0,00000E+0	0,00000E+0
6,15000E-1	2,89680E+0	0,00000E+0	0,00000E+0	0,00000E+0
6,16000E-1	7,61163E-1	0,00000E+0	0,00000E+0	0,00000E+0
6,17000E-1	-2,89501E+0	0,00000E+0	0,00000E+0	0,00000E+0
6,18000E-1	-7,61925E-1	0,00000E+0	0,00000E+0	0,00000E+0
6,19000E-1	2,89298E+0	0,00000E+0	0,00000E+0	0,00000E+0
6,20000E-1	7,58616E-1	0,00000E+0	0,00000E+0	0,00000E+0
6,21000E-1	-2,89374E+0	0,00000E+0	0,00000E+0	0,00000E+0
6,22000E-1	-7,64472E-1	0,00000E+0	0,00000E+0	0,00000E+0
6,23000E-1	2,89043E+0	0,00000E+0	0,00000E+0	0,00000E+0
6,24000E-1	7,62437E-1	0,00000E+0	0,00000E+0	0,00000E+0
6,25000E-1	-2,89501E+0	0,00000E+0	0,00000E+0	0,00000E+0
6,26000E-1	-7,69566E-1	0,00000E+0	0,00000E+0	0,00000E+0
6,27000E-1	2,89298E+0	0,00000E+0	0,00000E+0	0,00000E+0
6,28000E-1	7,64984E-1	0,00000E+0	0,00000E+0	0,00000E+0
6,29000E-1	-2,89883E+0	0,00000E+0	0,00000E+0	0,00000E+0
6,30000E-1	-7,63199E-1	0,00000E+0	0,00000E+0	0,00000E+0
6,31000E-1	2,89170E+0	0,00000E+0	0,00000E+0	0,00000E+0
6,32000E-1	7,64984E-1	0,00000E+0	0,00000E+0	0,00000E+0
6,33000E-1	-2,89374E+0	0,00000E+0	0,00000E+0	0,00000E+0
6,34000E-1	-7,70840E-1	0,00000E+0	0,00000E+0	0,00000E+0
6,35000E-1	2,89553E+0	0,00000E+0	0,00000E+0	0,00000E+0
6,36000E-1	7,63710E-1	0,00000E+0	0,00000E+0	0,00000E+0
6,37000E-1	-2,89501E+0	0,00000E+0	0,00000E+0	0,00000E+0
6,38000E-1	-7,68293E-1	0,00000E+0	0,00000E+0	0,00000E+0
6,39000E-1	2,89043E+0	0,00000E+0	0,00000E+0	0,00000E+0
6,40000E-1	7,68804E-1	0,00000E+0	0,00000E+0	0,00000E+0
6,41000E-1	-2,89883E+0	0,00000E+0	0,00000E+0	0,00000E+0
6,42000E-1	-7,67019E-1	0,00000E+0	0,00000E+0	0,00000E+0
6,43000E-1	2,88916E+0	0,00000E+0	0,00000E+0	0,00000E+0
6,44000E-1	7,66257E-1	0,00000E+0	0,00000E+0	0,00000E+0
6,45000E-1	-2,89501E+0	0,00000E+0	0,00000E+0	0,00000E+0
6,46000E-1	-7,70840E-1	0,00000E+0	0,00000E+0	0,00000E+0
6,47000E-1	2,89425E+0	0,00000E+0	0,00000E+0	0,00000E+0
6,48000E-1	7,66257E-1	0,00000E+0	0,00000E+0	0,00000E+0
6,49000E-1	-2,89374E+0	0,00000E+0	0,00000E+0	0,00000E+0
6,50000E-1	-7,70840E-1	0,00000E+0	0,00000E+0	0,00000E+0
6,51000E-1	2,89170E+0	0,00000E+0	0,00000E+0	0,00000E+0
6,52000E-1	7,70078E-1	0,00000E+0	0,00000E+0	0,00000E+0
6,53000E-1	-2,89756E+0	0,00000E+0	0,00000E+0	0,00000E+0
6,54000E-1	-7,69566E-1	0,00000E+0	0,00000E+0	0,00000E+0
6,55000E-1	2,89043E+0	0,00000E+0	0,00000E+0	0,00000E+0
6,56000E-1	7,70078E-1	0,00000E+0	0,00000E+0	0,00000E+0
6,57000E-1	-2,89119E+0	0,00000E+0	0,00000E+0	0,00000E+0
6,58000E-1	-7,74660E-1	0,00000E+0	0,00000E+0	0,00000E+0
6,59000E-1	2,89298E+0	0,00000E+0	0,00000E+0	0,00000E+0
6,60000E-1	7,68804E-1	0,00000E+0	0,00000E+0	0,00000E+0
6,61000E-1	-2,89374E+0	0,00000E+0	0,00000E+0	0,00000E+0
6,62000E-1	-7,72113E-1	0,00000E+0	0,00000E+0	0,00000E+0
6,63000E-1	2,89043E+0	0,00000E+0	0,00000E+0	0,00000E+0
6,64000E-1	7,72625E-1	0,00000E+0	0,00000E+0	0,00000E+0
6,65000E-1	-2,89247E+0	0,00000E+0	0,00000E+0	0,00000E+0
6,66000E-1	-7,74660E-1	0,00000E+0	0,00000E+0	0,00000E+0
6,67000E-1	2,88788E+0	0,00000E+0	0,00000E+0	0,00000E+0
6,68000E-1	7,73898E-1	0,00000E+0	0,00000E+0	0,00000E+0
6,69000E-1	-2,89756E+0	0,00000E+0	0,00000E+0	0,00000E+0
6,70000E-1	-7,73387E-1	0,00000E+0	0,00000E+0	0,00000E+0
6,71000E-1	2,89043E+0	0,00000E+0	0,00000E+0	0,00000E+0
6,72000E-1	7,73898E-1	0,00000E+0	0,00000E+0	0,00000E+0
6,73000E-1	-2,89374E+0	0,00000E+0	0,00000E+0	0,00000E+0
6,74000E-1	-7,78481E-1	0,00000E+0	0,00000E+0	0,00000E+0
6,75000E-1	2,89298E+0	0,00000E+0	0,00000E+0	0,00000E+0
6,76000E-1	7,73898E-1	0,00000E+0	0,00000E+0	0,00000E+0
6,77000E-1	-2,89247E+0	0,00000E+0	0,00000E+0	0,00000E+0
6,78000E-1	-7,78481E-1	0,00000E+0	0,00000E+0	0,00000E+0
6,79000E-1	2,88661E+0	0,00000E+0	0,00000E+0	0,00000E+0
6,80000E-1	7,78992E-1	0,00000E+0	0,00000E+0	0,00000E+0
6,81000E-1	-2,89501E+0	0,00000E+0	0,00000E+0	0,00000E+0
6,82000E-1	-7,77207E-1	0,00000E+0	0,00000E+0	0,00000E+0
6,83000E-1	2,88916E+0	0,00000E+0	0,00000E+0	0,00000E+0
6,84000E-1	7,78992E-1	0,00000E+0	0,00000E+0	0,00000E+0
6,85000E-1	-2,88992E+0	0,00000E+0	0,00000E+0	0,00000E+0
6,86000E-1	-7,81028E-1	0,00000E+0	0,00000E+0	0,00000E+0
6,87000E-1	2,89170E+0	0,00000E+0	0,00000E+0	0,00000E+0
6,88000E-1	7,76445E-1	0,00000E+0	0,00000E+0	0,00000E+0
6,89000E-1	-2,89119E+0	0,00000E+0	0,00000E+0	0,00000E+0
6,90000E-1	-7,77207E-1	0,00000E+0	0,00000E+0	0,00000E+0
6,91000E-1	2,88534E+0	0,00000E+0	0,00000E+0	0,00000E+0
6,92000E-1	7,81539E-1	0,00000E+0	0,00000E+0	0,00000E+0
6,93000E-1	-2,89247E+0	0,00000E+0	0,00000E+0	0,00000E+0
6,94000E-1	-7,79754E-1	0,00000E+0	0,00000E+0	0,00000E+0
6,95000E-1	2,88916E+0	0,00000E+0	0,00000E+0	0,00000E+0
6,96000E-1	7,73898E-1	0,00000E+0	0,00000E+0	0,00000E+0
6,97000E-1	-2,88865E+0	0,00000E+0	0,00000E+0	0,00000E+0
6,98000E-1	-7,82301E-1	0,00000E+0	0,00000E+0	0,00000E+0
6,99000E-1	2,89043E+0	0,00000E+0	0,00000E+0	0,00000E+0
7,00000E-1	7,77719E-1	0,00000E+0	0,00000E+0	0,00000E+0
7,01000E-1	-2,88992E+0	0,00000E+0	0,00000E+0	0,00000E+0
7,02000E-1	-7,81028E-1	0,00000E+0	0,00000E+0	0,00000E+0
7,03000E-1	2,88916E+0	0,00000E+0	0,00000E+0	0,00000E+0
7,04000E-1	7,80266E-1	0,00000E+0	0,00000E+0	0,00000E+0
7,05000E-1	-2,89119E+0	0,00000E+0	0,00000E+0	0,00000E+0
7,06000E-1	-7,83575E-1	0,00000E+0	0,00000E+0	0,00000E+0
7,07000E-1	2,88788E+0	0,00000E+0	0,00000E+0	0,00000E+0
7,08000E-1	7,82813E-1	0,00000E+0	0,00000E+0	0,00000E+0
7,09000E-1	-2,89501E+0	0,00000E+0	0,00000E+0	0,00000E+0
7,10000E-1	-7,82301E-1	0,00000E+0	0,00000E+0	0,00000E+0
7,11000E-1	2,88406E+0	0,00000E+0	0,00000E+0	0,00000E+0
7,12000E-1	7,86633E-1	0,00000E+0	0,00000E+0	0,00000E+0
7,13000E-1	-2,89119E+0	0,00000E+0	0,00000E+0	0,00000E+0
7,14000E-1	-7,84848E-1	0,00000E+0	0,00000E+0	0,00000E+0
7,15000E-1	2,88788E+0	0,00000E+0	0,00000E+0	0,00000E+0
7,16000E-1	7,84086E-1	0,00000E+0	0,00000E+0	0,00000E+0
7,17000E-1	-2,88865E+0	0,00000E+0	0,00000E+0	0,00000E+0
7,18000E-1	-7,88669E-1	0,00000E+0	0,00000E+0	0,00000E+0
7,19000E-1	2,88916E+0	0,00000E+0	0,00000E+0	0,00000E+0
7,20000E-1	7,81539E-1	0,00000E+0	0,00000E+0	0,00000E+0
7,21000E-1	-2,88737E+0	0,00000E+0	0,00000E+0	0,00000E+0
7,22000E-1	-7,86122E-1	0,00000E+0	0,00000E+0	0,00000E+0
7,23000E-1	2,88788E+0	0,00000E+0	0,00000E+0	0,00000E+0
7,24000E-1	7,85360E-1	0,00000E+0	0,00000E+0	0,00000E+0
7,25000E-1	-2,88992E+0	0,00000E+0	0,00000E+0	0,00000E+0
7,26000E-1	-7,88669E-1	0,00000E+0	0,00000E+0	0,00000E+0
7,27000E-1	2,88406E+0	0,00000E+0	0,00000E+0	0,00000E+0
7,28000E-1	7,87907E-1	0,00000E+0	0,00000E+0	0,00000E+0
7,29000E-1	-2,89119E+0	0,00000E+0	0,00000E+0	0,00000E+0
7,30000E-1	-7,86122E-1	0,00000E+0	0,00000E+0	0,00000E+0
7,31000E-1	2,88661E+0	0,00000E+0	0,00000E+0	0,00000E+0
7,32000E-1	7,87907E-1	0,00000E+0	0,00000E+0	0,00000E+0
7,33000E-1	-2,88992E+0	0,00000E+0	0,00000E+0	0,00000E+0
7,34000E-1	-7,91216E-1	0,00000E+0	0,00000E+0	0,00000E+0
7,35000E-1	2,88788E+0	0,00000E+0	0,00000E+0	0,00000E+0
7,36000E-1	7,84086E-1	0,00000E+0	0,00000E+0	0,00000E+0
7,37000E-1	-2,88737E+0	0,00000E+0	0,00000E+0	0,00000E+0
7,38000E-1	-7,93762E-1	0,00000E+0	0,00000E+0	0,00000E+0
7,39000E-1	2,88661E+0	0,00000E+0	0,00000E+0	0,00000E+0
7,40000E-1	7,87907E-1	0,00000E+0	0,00000E+0	0,00000E+0
7,41000E-1	-2,88865E+0	0,00000E+0	0,00000E+0	0,00000E+0
7,42000E-1	-7,91216E-1	0,00000E+0	0,00000E+0	0,00000E+0
7,43000E-1	2,88279E+0	0,00000E+0	0,00000E+0	0,00000E+0
7,44000E-1	7,91727E-1	0,00000E+0	0,00000E+0	0,00000E+0
7,45000E-1	-2,89247E+0	0,00000E+0	0,00000E+0	0,00000E+0
7,46000E-1	-7,89942E-1	0,00000E+0	0,00000E+0	0,00000E+0
7,47000E-1	2,88152E+0	0,00000E+0	0,00000E+0	0,00000E+0
7,48000E-1	7,87907E-1	0,00000E+0	0,00000E+0	0,00000E+0
7,49000E-1	-2,88865E+0	0,00000E+0	0,00000E+0	0,00000E+0
7,50000E-1	-7,92489E-1	0,00000E+0	0,00000E+0	0,00000E+0
7,51000E-1	2,88534E+0	0,00000E+0	0,00000E+0	0,00000E+0
7,52000E-1	7,87907E-1	0,00000E+0	0,00000E+0	0,00000E+0
7,53000E-1	-2,88610E+0	0,00000E+0	0,00000E+0	0,00000E+0
7,54000E-1	-7,96309E-1	0,00000E+0	0,00000E+0	0,00000E+0
7,55000E-1	2,88788E+0	0,00000E+0	0,00000E+0	0,00000E+0
7,56000E-1	7,91727E-1	0,00000E+0	0,00000E+0	0,00000E+0
7,57000E-1	-2,88865E+0	0,00000E+0	0,00000E+0	0,00000E+0
7,58000E-1	-7,95036E-1	0,00000E+0	0,00000E+0	0,00000E+0
7,59000E-1	2,88406E+0	0,00000E+0	0,00000E+0	0,00000E+0
7,60000E-1	7,94274E-1	0,00000E+0	0,00000E+0	0,00000E+0
7,61000E-1	-2,89119E+0	0,00000E+0	0,00000E+0	0,00000E+0
7,62000E-1	-7,91216E-1	0,00000E+0	0,00000E+0	0,00000E+0
7,63000E-1	2,88152E+0	0,00000E+0	0,00000E+0	0,00000E+0
7,64000E-1	7,94274E-1	0,00000E+0	0,00000E+0	0,00000E+0
7,65000E-1	-2,88865E+0	0,00000E+0	0,00000E+0	0,00000E+0
7,66000E-1	-7,96309E-1	0,00000E+0	0,00000E+0	0,00000E+0
7,67000E-1	2,88788E+0	0,00000E+0	0,00000E+0	0,00000E+0
7,68000E-1	7,91727E-1	0,00000E+0	0,00000E+0	0,00000E+0
7,69000E-1	-2,88483E+0	0,00000E+0	0,00000E+0	0,00000E+0
7,70000E-1	-8,00130E-1	0,00000E+0	0,00000E+0	0,00000E+0
7,71000E-1	2,88279E+0	0,00000E+0	0,00000E+0	0,00000E+0
7,72000E-1	7,95548E-1	0,00000E+0	0,00000E+0	0,00000E+0
7,73000E-1	-2,88865E+0	0,00000E+0	0,00000E+0	0,00000E+0
7,74000E-1	-7,97583E-1	0,00000E+0	0,00000E+0	0,00000E+0
7,75000E-1	2,88024E+0	0,00000E+0	0,00000E+0	0,00000E+0
7,76000E-1	7,99368E-1	0,00000E+0	0,00000E+0	0,00000E+0
7,77000E-1	-2,88865E+0	0,00000E+0	0,00000E+0	0,00000E+0
7,78000E-1	-7,96309E-1	0,00000E+0	0,00000E+0	0,00000E+0
7,79000E-1	2,88534E+0	0,00000E+0	0,00000E+0	0,00000E+0
7,80000E-1	7,93001E-1	0,00000E+0	0,00000E+0	0,00000E+0
7,81000E-1	-2,88483E+0	0,00000E+0	0,00000E+0	0,00000E+0
7,82000E-1	-8,01403E-1	0,00000E+0	0,00000E+0	0,00000E+0
7,83000E-1	2,88534E+0	0,00000E+0	0,00000E+0	0,00000E+0
7,84000E-1	7,96821E-1	0,00000E+0	0,00000E+0	0,00000E+0
7,85000E-1	-2,88737E+0	0,00000E+0	0,00000E+0	0,00000E+0
7,86000E-1	-7,96309E-1	0,00000E+0	0,00000E+0	0,00000E+0
7,87000E-1	2,88024E+0	0,00000E+0	0,00000E+0	0,00000E+0
7,88000E-1	7,96821E-1	0,00000E+0	0,00000E+0	0,00000E+0
7,89000E-1	-2,88737E+0	0,00000E+0	0,00000E+0	0,00000E+0
7,90000E-1	-8,00130E-1	0,00000E+0	0,00000E+0	0,00000E+0
7,91000E-1	2,88279E+0	0,00000E+0	0,00000E+0	0,00000E+0
7,92000E-1	8,00641E-1	0,00000E+0	0,00000E+0	0,00000E+0
7,93000E-1	-2,88610E+0	0,00000E+0	0,00000E+0	0,00000E+0
7,94000E-1	-8,05224E-1	0,00000E+0	0,00000E+0	0,00000E+0
7,95000E-1	2,88534E+0	0,00000E+0	0,00000E+0	0,00000E+0
7,96000E-1	7,99368E-1	0,00000E+0	0,00000E+0	0,00000E+0
7,97000E-1	-2,88228E+0	0,00000E+0	0,00000E+0	0,00000E+0
7,98000E-1	-8,01403E-1	0,00000E+0	0,00000E+0	0,00000E+0
7,99000E-1	2,88279E+0	0,00000E+0	0,00000E+0	0,00000E+0
8,00000E-1	8,00641E-1	0,00000E+0	0,00000E+0	0,00000E+0
8,01000E-1	-2,88483E+0	0,00000E+0	0,00000E+0	0,00000E+0
8,02000E-1	-8,05224E-1	0,00000E+0	0,00000E+0	0,00000E+0
8,03000E-1	2,87897E+0	0,00000E+0	0,00000E+0	0,00000E+0
8,04000E-1	8,04462E-1	0,00000E+0	0,00000E+0	0,00000E+0
8,05000E-1	-2,88992E+0	0,00000E+0	0,00000E+0	0,00000E+0
8,06000E-1	-8,02677E-1	0,00000E+0	0,00000E+0	0,00000E+0
8,07000E-1	2,87770E+0	0,00000E+0	0,00000E+0	0,00000E+0
8,08000E-1	8,03188E-1	0,00000E+0	0,00000E+0	0,00000E+0
8,09000E-1	-2,88483E+0	0,00000E+0	0,00000E+0	0,00000E+0
8,10000E-1	-8,06497E-1	0,00000E+0	0,00000E+0	0,00000E+0
8,11000E-1	2,88406E+0	0,00000E+0	0,00000E+0	0,00000E+0
8,12000E-1	8,00641E-1	0,00000E+0	0,00000E+0	0,00000E+0
8,13000E-1	-2,88228E+0	0,00000E+0	0,00000E+0	0,00000E+0
8,14000E-1	-8,05224E-1	0,00000E+0	0,00000E+0	0,00000E+0
8,15000E-1	2,87770E+0	0,00000E+0	0,00000E+0	0,00000E+0
8,16000E-1	8,04462E-1	0,00000E+0	0,00000E+0	0,00000E+0
8,17000E-1	-2,88610E+0	0,00000E+0	0,00000E+0	0,00000E+0
8,18000E-1	-8,02677E-1	0,00000E+0	0,00000E+0	0,00000E+0
8,19000E-1	2,88152E+0	0,00000E+0	0,00000E+0	0,00000E+0
8,20000E-1	8,08282E-1	0,00000E+0	0,00000E+0	0,00000E+0
8,21000E-1	-2,88483E+0	0,00000E+0	0,00000E+0	0,00000E+0
8,22000E-1	-8,07771E-1	0,00000E+0	0,00000E+0	0,00000E+0
8,23000E-1	2,88152E+0	0,00000E+0	0,00000E+0	0,00000E+0
8,24000E-1	8,08282E-1	0,00000E+0	0,00000E+0	0,00000E+0
8,25000E-1	-2,88101E+0	0,00000E+0	0,00000E+0	0,00000E+0
8,26000E-1	-8,11591E-1	0,00000E+0	0,00000E+0	0,00000E+0
8,27000E-1	2,88279E+0	0,00000E+0	0,00000E+0	0,00000E+0
8,28000E-1	8,07009E-1	0,00000E+0	0,00000E+0	0,00000E+0
8,29000E-1	-2,88355E+0	0,00000E+0	0,00000E+0	0,00000E+0
8,30000E-1	-8,10318E-1	0,00000E+0	0,00000E+0	0,00000E+0
8,31000E-1	2,88024E+0	0,00000E+0	0,00000E+0	0,00000E+0
8,32000E-1	8,09556E-1	0,00000E+0	0,00000E+0	0,00000E+0
8,33000E-1	-2,88737E+0	0,00000E+0	0,00000E+0	0,00000E+0
8,34000E-1	-8,10318E-1	0,00000E+0	0,00000E+0	0,00000E+0
8,35000E-1	2,88024E+0	0,00000E+0	0,00000E+0	0,00000E+0
8,36000E-1	8,09556E-1	0,00000E+0	0,00000E+0	0,00000E+0
8,37000E-1	-2,87973E+0	0,00000E+0	0,00000E+0	0,00000E+0
8,38000E-1	-8,14138E-1	0,00000E+0	0,00000E+0	0,00000E+0
8,39000E-1	2,88279E+0	0,00000E+0	0,00000E+0	0,00000E+0
8,40000E-1	8,09556E-1	0,00000E+0	0,00000E+0	0,00000E+0
8,41000E-1	-2,88355E+0	0,00000E+0	0,00000E+0	0,00000E+0
8,42000E-1	-8,11591E-1	0,00000E+0	0,00000E+0	0,00000E+0
8,43000E-1	2,87642E+0	0,00000E+0	0,00000E+0	0,00000E+0
8,44000E-1	8,13376E-1	0,00000E+0	0,00000E+0	0,00000E+0
8,45000E-1	-2,88355E+0	0,00000E+0	0,00000E+0	0,00000E+0
8,46000E-1	-8,11591E-1	0,00000E+0	0,00000E+0	0,00000E+0
8,47000E-1	2,87897E+0	0,00000E+0	0,00000E+0	0,00000E+0
8,48000E-1	8,08282E-1	0,00000E+0	0,00000E+0	0,00000E+0
8,49000E-1	-2,87973E+0	0,00000E+0	0,00000E+0	0,00000E+0
8,50000E-1	-8,12865E-1	0,00000E+0	0,00000E+0	0,00000E+0
8,51000E-1	2,88024E+0	0,00000E+0	0,00000E+0	0,00000E+0
8,52000E-1	8,12103E-1	0,00000E+0	0,00000E+0	0,00000E+0
8,53000E-1	-2,88355E+0	0,00000E+0	0,00000E+0	0,00000E+0
8,54000E-1	-8,15412E-1	0,00000E+0	0,00000E+0	0,00000E+0
8,55000E-1	2,87642E+0	0,00000E+0	0,00000E+0	0,00000E+0
8,56000E-1	8,17197E-1	0,00000E+0	0,00000E+0	0,00000E+0
8,57000E-1	-2,88228E+0	0,00000E+0	0,00000E+0	0,00000E+0
8,58000E-1	-8,16685E-1	0,00000E+0	0,00000E+0	0,00000E+0
8,59000E-1	2,88152E+0	0,00000E+0	0,00000E+0	0,00000E+0
8,60000E-1	8,10829E-1	0,00000E+0	0,00000E+0	0,00000E+0
8,61000E-1	-2,88228E+0	0,00000E+0	0,00000E+0	0,00000E+0
8,62000E-1	-8,16685E-1	0,00000E+0	0,00000E+0	0,00000E+0
8,63000E-1	2,87770E+0	0,00000E+0	0,00000E+0	0,00000E+0
8,64000E-1	8,14650E-1	0,00000E+0	0,00000E+0	0,00000E+0
8,65000E-1	-2,88483E+0	0,00000E+0	0,00000E+0	0,00000E+0
8,66000E-1	-8,15412E-1	0,00000E+0	0,00000E+0	0,00000E+0
8,67000E-1	2,87642E+0	0,00000E+0	0,00000E+0	0,00000E+0
8,68000E-1	8,14650E-1	0,00000E+0	0,00000E+0	0,00000E+0
8,69000E-1	-2,87973E+0	0,00000E+0	0,00000E+0	0,00000E+0
8,70000E-1	-8,20506E-1	0,00000E+0	0,00000E+0	0,00000E+0
8,71000E-1	2,88152E+0	0,00000E+0	0,00000E+0	0,00000E+0
8,72000E-1	8,15923E-1	0,00000E+0	0,00000E+0	0,00000E+0
8,73000E-1	-2,88101E+0	0,00000E+0	0,00000E+0	0,00000E+0
8,74000E-1	-8,20506E-1	0,00000E+0	0,00000E+0	0,00000E+0
8,75000E-1	2,87515E+0	0,00000E+0	0,00000E+0	0,00000E+0
8,76000E-1	8,19744E-1	0,00000E+0	0,00000E+0	0,00000E+0
8,77000E-1	-2,88355E+0	0,00000E+0	0,00000E+0	0,00000E+0
8,78000E-1	-8,20506E-1	0,00000E+0	0,00000E+0	0,00000E+0
8,79000E-1	2,87770E+0	0,00000E+0	0,00000E+0	0,00000E+0
8,80000E-1	8,14650E-1	0,00000E+0	0,00000E+0	0,00000E+0
8,81000E-1	-2,87846E+0	0,00000E+0	0,00000E+0	0,00000E+0
8,82000E-1	-8,23053E-1	0,00000E+0	0,00000E+0	0,00000E+0
8,83000E-1	2,88024E+0	0,00000E+0	0,00000E+0	0,00000E+0
8,84000E-1	8,18470E-1	0,00000E+0	0,00000E+0	0,00000E+0
8,85000E-1	-2,88101E+0	0,00000E+0	0,00000E+0	0,00000E+0
8,86000E-1	-8,21779E-1	0,00000E+0	0,00000E+0	0,00000E+0
8,87000E-1	2,87515E+0	0,00000E+0	0,00000E+0	0,00000E+0
8,88000E-1	8,23564E-1	0,00000E+0	0,00000E+0	0,00000E+0
8,89000E-1	-2,88101E+0	0,00000E+0	0,00000E+0	0,00000E+0
8,90000E-1	-8,21779E-1	0,00000E+0	0,00000E+0	0,00000E+0
8,91000E-1	2,87642E+0	0,00000E+0	0,00000E+0	0,00000E+0
8,92000E-1	8,17197E-1	0,00000E+0	0,00000E+0	0,00000E+0
8,93000E-1	-2,87718E+0	0,00000E+0	0,00000E+0	0,00000E+0
8,94000E-1	-8,23053E-1	0,00000E+0	0,00000E+0	0,00000E+0
8,95000E-1	2,87770E+0	0,00000E+0	0,00000E+0	0,00000E+0
8,96000E-1	8,23564E-1	0,00000E+0	0,00000E+0	0,00000E+0
8,97000E-1	-2,88355E+0	0,00000E+0	0,00000E+0	0,00000E+0
8,98000E-1	-8,21779E-1	0,00000E+0	0,00000E+0	0,00000E+0
8,99000E-1	2,87642E+0	0,00000E+0	0,00000E+0	0,00000E+0
9,00000E-1	8,23564E-1	0,00000E+0	0,00000E+0	0,00000E+0
9,01000E-1	-2,87973E+0	0,00000E+0	0,00000E+0	0,00000E+0
9,02000E-1	-8,28147E-1	0,00000E+0	0,00000E+0	0,00000E+0
9,03000E-1	2,87897E+0	0,00000E+0	0,00000E+0	0,00000E+0
9,04000E-1	8,21017E-1	0,00000E+0	0,00000E+0	0,00000E+0
9,05000E-1	-2,87846E+0	0,00000E+0	0,00000E+0	0,00000E+0
9,06000E-1	-8,25600E-1	0,00000E+0	0,00000E+0	0,00000E+0
9,07000E-1	2,87260E+0	0,00000E+0	0,00000E+0	0,00000E+0
9,08000E-1	8,27385E-1	0,00000E+0	0,00000E+0	0,00000E+0
9,09000E-1	-2,88101E+0	0,00000E+0	0,00000E+0	0,00000E+0
9,10000E-1	-8,24326E-1	0,00000E+0	0,00000E+0	0,00000E+0
9,11000E-1	2,87642E+0	0,00000E+0	0,00000E+0	0,00000E+0
9,12000E-1	8,24838E-1	0,00000E+0	0,00000E+0	0,00000E+0
9,13000E-1	-2,87591E+0	0,00000E+0	0,00000E+0	0,00000E+0
9,14000E-1	-8,30694E-1	0,00000E+0	0,00000E+0	0,00000E+0
9,15000E-1	2,87770E+0	0,00000E+0	0,00000E+0	0,00000E+0
9,16000E-1	8,24838E-1	0,00000E+0	0,00000E+0	0,00000E+0
9,17000E-1	-2,87846E+0	0,00000E+0	0,00000E+0	0,00000E+0
9,18000E-1	-8,23053E-1	0,00000E+0	0,00000E+0	0,00000E+0
9,19000E-1	2,87260E+0	0,00000E+0	0,00000E+0	0,00000E+0
9,20000E-1	8,24838E-1	0,00000E+0	0,00000E+0	0,00000E+0
9,21000E-1	-2,87973E+0	0,00000E+0	0,00000E+0	0,00000E+0
9,22000E-1	-8,28147E-1	0,00000E+0	0,00000E+0	0,00000E+0
9,23000E-1	2,87642E+0	0,00000E+0	0,00000E+0	0,00000E+0
9,24000E-1	8,23564E-1	0,00000E+0	0,00000E+0	0,00000E+0
9,25000E-1	-2,87718E+0	0,00000E+0	0,00000E+0	0,00000E+0
9,26000E-1	-8,28147E-1	0,00000E+0	0,00000E+0	0,00000E+0
9,27000E-1	2,87515E+0	0,00000E+0	0,00000E+0	0,00000E+0
9,28000E-1	8,28658E-1	0,00000E+0	0,00000E+0	0,00000E+0
9,29000E-1	-2,87846E+0	0,00000E+0	0,00000E+0	0,00000E+0
9,30000E-1	-8,28147E-1	0,00000E+0	0,00000E+0	0,00000E+0
9,31000E-1	2,87260E+0	0,00000E+0	0,00000E+0	0,00000E+0
9,32000E-1	8,27385E-1	0,00000E+0	0,00000E+0	0,00000E+0
9,33000E-1	-2,87846E+0	0,00000E+0	0,00000E+0	0,00000E+0
9,34000E-1	-8,30694E-1	0,00000E+0	0,00000E+0	0,00000E+0
9,35000E-1	2,87642E+0	0,00000E+0	0,00000E+0	0,00000E+0
9,36000E-1	8,27385E-1	0,00000E+0	0,00000E+0	0,00000E+0
9,37000E-1	-2,87591E+0	0,00000E+0	0,00000E+0	0,00000E+0
9,38000E-1	-8,30694E-1	0,00000E+0	0,00000E+0	0,00000E+0
9,39000E-1	2,87515E+0	0,00000E+0	0,00000E+0	0,00000E+0
9,40000E-1	8,32479E-1	0,00000E+0	0,00000E+0	0,00000E+0
9,41000E-1	-2,87973E+0	0,00000E+0	0,00000E+0	0,00000E+0
9,42000E-1	-8,31967E-1	0,00000E+0	0,00000E+0	0,00000E+0
9,43000E-1	2,87133E+0	0,00000E+0	0,00000E+0	0,00000E+0
9,44000E-1	8,31205E-1	0,00000E+0	0,00000E+0	0,00000E+0
9,45000E-1	-2,87718E+0	0,00000E+0	0,00000E+0	0,00000E+0
9,46000E-1	-8,34514E-1	0,00000E+0	0,00000E+0	0,00000E+0
9,47000E-1	2,87642E+0	0,00000E+0	0,00000E+0	0,00000E+0
9,48000E-1	8,29932E-1	0,00000E+0	0,00000E+0	0,00000E+0
9,49000E-1	-2,87718E+0	0,00000E+0	0,00000E+0	0,00000E+0
9,50000E-1	-8,34514E-1	0,00000E+0	0,00000E+0	0,00000E+0
9,51000E-1	2,87388E+0	0,00000E+0	0,00000E+0	0,00000E+0
9,52000E-1	8,33752E-1	0,00000E+0	0,00000E+0	0,00000E+0
9,53000E-1	-2,87591E+0	0,00000E+0	0,00000E+0	0,00000E+0
9,54000E-1	-8,37061E-1	0,00000E+0	0,00000E+0	0,00000E+0
9,55000E-1	2,87006E+0	0,00000E+0	0,00000E+0	0,00000E+0
9,56000E-1	8,37573E-1	0,00000E+0	0,00000E+0	0,00000E+0
9,57000E-1	-2,87846E+0	0,00000E+0	0,00000E+0	0,00000E+0
9,58000E-1	-8,34514E-1	0,00000E+0	0,00000E+0	0,00000E+0
9,59000E-1	2,87006E+0	0,00000E+0	0,00000E+0	0,00000E+0
9,60000E-1	8,35026E-1	0,00000E+0	0,00000E+0	0,00000E+0
9,61000E-1	-2,87464E+0	0,00000E+0	0,00000E+0	0,00000E+0
9,62000E-1	-8,38334E-1	0,00000E+0	0,00000E+0	0,00000E+0
9,63000E-1	2,87260E+0	0,00000E+0	0,00000E+0	0,00000E+0
9,64000E-1	8,36299E-1	0,00000E+0	0,00000E+0	0,00000E+0
9,65000E-1	-2,87336E+0	0,00000E+0	0,00000E+0	0,00000E+0
9,66000E-1	-8,42155E-1	0,00000E+0	0,00000E+0	0,00000E+0
9,67000E-1	2,87260E+0	0,00000E+0	0,00000E+0	0,00000E+0
9,68000E-1	8,35026E-1	0,00000E+0	0,00000E+0	0,00000E+0
9,69000E-1	-2,87591E+0	0,00000E+0	0,00000E+0	0,00000E+0
9,70000E-1	-8,38334E-1	0,00000E+0	0,00000E+0	0,00000E+0
9,71000E-1	2,87006E+0	0,00000E+0	0,00000E+0	0,00000E+0
9,72000E-1	8,40120E-1	0,00000E+0	0,00000E+0	0,00000E+0
9,73000E-1	-2,87846E+0	0,00000E+0	0,00000E+0	0,00000E+0
9,74000E-1	-8,38334E-1	0,00000E+0	0,00000E+0	0,00000E+0
9,75000E-1	2,87133E+0	0,00000E+0	0,00000E+0	0,00000E+0
9,76000E-1	8,38846E-1	0,00000E+0	0,00000E+0	0,00000E+0
9,77000E-1	-2,87464E+0	0,00000E+0	0,00000E+0	0,00000E+0
9,78000E-1	-8,42155E-1	0,00000E+0	0,00000E+0	0,00000E+0
9,79000E-1	2,87388E+0	0,00000E+0	0,00000E+0	0,00000E+0
9,80000E-1	8,37573E-1	0,00000E+0	0,00000E+0	0,00000E+0
9,81000E-1	-2,87464E+0	0,00000E+0	0,00000E+0	0,00000E+0
9,82000E-1	-8,42155E-1	0,00000E+0	0,00000E+0	0,00000E+0
9,83000E-1	2,87133E+0	0,00000E+0	0,00000E+0	0,00000E+0
9,84000E-1	8,40120E-1	0,00000E+0	0,00000E+0	0,00000E+0
9,85000E-1	-2,87464E+0	0,00000E+0	0,00000E+0	0,00000E+0
9,86000E-1	-8,39608E-1	0,00000E+0	0,00000E+0	0,00000E+0
9,87000E-1	2,86878E+0	0,00000E+0	0,00000E+0	0,00000E+0
9,88000E-1	8,43940E-1	0,00000E+0	0,00000E+0	0,00000E+0
9,89000E-1	-2,87718E+0	0,00000E+0	0,00000E+0	0,00000E+0
9,90000E-1	-8,43428E-1	0,00000E+0	0,00000E+0	0,00000E+0
9,91000E-1	2,87133E+0	0,00000E+0	0,00000E+0	0,00000E+0
9,92000E-1	8,38846E-1	0,00000E+0	0,00000E+0	0,00000E+0
9,93000E-1	-2,87082E+0	0,00000E+0	0,00000E+0	0,00000E+0
9,94000E-1	-8,47249E-1	0,00000E+0	0,00000E+0	0,00000E+0
9,95000E-1	2,87260E+0	0,00000E+0	0,00000E+0	0,00000E+0
9,96000E-1	8,43940E-1	0,00000E+0	0,00000E+0	0,00000E+0
9,97000E-1	-2,87336E+0	0,00000E+0	0,00000E+0	0,00000E+0
9,98000E-1	-8,42155E-1	0,00000E+0	0,00000E+0	0,00000E+0
9,99000E-1	2,86751E+0	0,00000E+0	0,00000E+0	0,00000E+0
