0,00000E+0	-2,99817E+0	0,00000E+0	8,92300E+0	8,99990E+0
1,00000E-3	-2,99562E+0	1,00000E+0	-1,74272E+1	6,05786E+0
2,00000E-3	-2,99053E+0	2,00000E+0	-2,37562E+1	-3,22122E+1
3,00000E-3	-2,99944E+0	3,00000E+0	-2,73345E+1	-4,51829E+1
4,00000E-3	-2,99562E+0	4,00000E+0	-2,99196E+1	-5,21706E+1
5,00000E-3	-2,99435E+0	5,00000E+0	-3,18065E+1	-5,93609E+1
6,00000E-3	-2,99817E+0	6,00000E+0	-3,33105E+1	-6,96875E+1
7,00000E-3	-2,99180E+0	7,00000E+0	-3,48225E+1	-6,30184E+1
8,00000E-3	-2,99562E+0	8,00000E+0	-3,58599E+1	-7,93859E+1
9,00000E-3	-2,99562E+0	9,00000E+0	-3,69351E+1	-7,04383E+1
1,00000E-2	-2,99562E+0	1,00000E+1	-3,77588E+1	-7,80411E+1
1,10000E-2	-2,99689E+0	1,10000E+1	-3,86297E+1	-7,66897E+1
1,20000E-2	-2,99307E+0	1,20000E+1	-3,94421E+1	-7,43665E+1
1,30000E-2	-2,99562E+0	1,30000E+1	-4,02508E+1	-7,26359E+1
1,40000E-2	-2,99435E+0	1,40000E+1	-4,07622E+1	-7,70429E+1
1,50000E-2	-2,99180E+0	1,50000E+1	-4,15928E+1	-7,02677E+1
1,60000E-2	-2,99817E+0	1,60000E+1	-4,19522E+1	-7,51412E+1
1,70000E-2	-2,99562E+0	1,70000E+1	-4,26178E+1	-7,11444E+1
1,80000E-2	-2,99562E+0	1,80000E+1	-4,27815E+1	-6,95615E+1
1,90000E-2	-2,99562E+0	1,90000E+1	-4,37142E+1	-6,93124E+1
2,00000E-2	-2,99180E+0	2,00000E+1	-4,38320E+1	-7,54342E+1
2,10000E-2	-2,99435E+0	2,10000E+1	-4,42058E+1	-8,42047E+1
2,20000E-2	-2,99435E+0	2,20000E+1	-4,46192E+1	-7,45315E+1
2,30000E-2	-2,99435E+0	2,30000E+1	-4,51638E+1	-7,78678E+1
2,40000E-2	-2,99689E+0	2,40000E+1	-4,53265E+1	-7,42246E+1
2,50000E-2	-2,99053E+0	2,50000E+1	-4,59639E+1	-7,32533E+1
2,60000E-2	-2,99689E+0	2,60000E+1	-4,62029E+1	-7,74591E+1
2,70000E-2	-2,99053E+0	2,70000E+1	-4,63057E+1	-8,82368E+1
2,80000E-2	-2,99307E+0	2,80000E+1	-4,65494E+1	-8,22364E+1
2,90000E-2	-2,99689E+0	2,90000E+1	-4,70428E+1	-7,56591E+1
3,00000E-2	-2,99435E+0	3,00000E+1	-4,71909E+1	-7,51886E+1
3,10000E-2	-2,99307E+0	3,10000E+1	-4,78303E+1	-7,50392E+1
3,20000E-2	-2,99307E+0	3,20000E+1	-4,80540E+1	-8,00209E+1
3,30000E-2	-2,99180E+0	3,30000E+1	-4,84371E+1	-7,62729E+1
3,40000E-2	-2,99562E+0	3,40000E+1	-4,82738E+1	-7,50077E+1
3,50000E-2	-2,99307E+0	3,50000E+1	-4,87155E+1	-7,75515E+1
3,60000E-2	-2,99307E+0	3,60000E+1	-4,85679E+1	-7,73152E+1
3,70000E-2	-2,99689E+0	3,70000E+1	-4,89981E+1	-7,56696E+1
3,80000E-2	-2,99053E+0	3,80000E+1	-4,94928E+1	-7,47160E+1
3,90000E-2	-2,99435E+0	3,90000E+1	-4,94339E+1	-7,90917E+1
4,00000E-2	-2,99307E+0	4,00000E+1	-4,98310E+1	-8,57080E+1
4,10000E-2	-2,99307E+0	4,10000E+1	-5,00654E+1	-8,76199E+1
4,20000E-2	-2,99180E+0	4,20000E+1	-5,01076E+1	-9,29802E+1
4,30000E-2	-2,99053E+0	4,30000E+1	-5,02059E+1	-7,54644E+1
4,40000E-2	-2,99307E+0	4,40000E+1	-5,10438E+1	-7,50902E+1
4,50000E-2	-2,99180E+0	4,50000E+1	-5,10179E+1	-7,99839E+1
4,60000E-2	-2,99180E+0	4,60000E+1	-5,14093E+1	-7,65243E+1
4,70000E-2	-2,99053E+0	4,70000E+1	-5,13001E+1	-7,88625E+1
4,80000E-2	-2,98925E+0	4,80000E+1	-5,15249E+1	-8,53865E+1
4,90000E-2	-2,99307E+0	4,90000E+1	-5,15933E+1	-8,49740E+1
5,00000E-2	-2,98925E+0	5,00000E+1	-5,20230E+1	-8,17160E+1
5,10000E-2	-2,99180E+0	5,10000E+1	-5,19126E+1	-8,56072E+1
5,20000E-2	-2,99435E+0	5,20000E+1	-5,21399E+1	-8,56469E+1
5,30000E-2	-2,98798E+0	5,30000E+1	-5,21989E+1	-8,58814E+1
5,40000E-2	-2,99180E+0	5,40000E+1	-5,25239E+1	-9,29215E+1
5,50000E-2	-2,99053E+0	5,50000E+1	-5,27124E+1	-8,41684E+1
5,60000E-2	-2,98798E+0	5,60000E+1	-5,25558E+1	-7,92139E+1
5,70000E-2	-2,99307E+0	5,70000E+1	-5,30185E+1	-8,31848E+1
5,80000E-2	-2,98670E+0	5,80000E+1	-5,32843E+1	-9,11472E+1
5,90000E-2	-2,99053E+0	5,90000E+1	-5,33369E+1	-8,04345E+1
6,00000E-2	-2,99053E+0	6,00000E+1	-5,32896E+1	-7,85670E+1
6,10000E-2	-2,98670E+0	6,10000E+1	-5,37233E+1	-8,88005E+1
6,20000E-2	-2,99180E+0	6,20000E+1	-5,40383E+1	-8,01284E+1
6,30000E-2	-2,98925E+0	6,30000E+1	-5,37686E+1	-7,92015E+1
6,40000E-2	-2,98925E+0	6,40000E+1	-5,37550E+1	-8,88926E+1
6,50000E-2	-2,98925E+0	6,50000E+1	-5,34868E+1	-8,05835E+1
6,60000E-2	-2,98670E+0	6,60000E+1	-5,39826E+1	-8,19262E+1
6,70000E-2	-2,99180E+0	6,70000E+1	-5,42764E+1	-7,89894E+1
6,80000E-2	-2,98543E+0	6,80000E+1	-5,39023E+1	-7,67060E+1
6,90000E-2	-2,98925E+0	6,90000E+1	-5,48202E+1	-7,78927E+1
7,00000E-2	-2,98925E+0	7,00000E+1	-5,46615E+1	-7,72935E+1
7,10000E-2	-2,98543E+0	7,10000E+1	-5,54836E+1	-7,26227E+1
7,20000E-2	-2,99053E+0	7,20000E+1	-5,44320E+1	-7,18107E+1
7,30000E-2	-2,98925E+0	7,30000E+1	-5,55347E+1	-7,48685E+1
7,40000E-2	-2,98543E+0	7,40000E+1	-5,52714E+1	-7,84700E+1
7,50000E-2	-2,99053E+0	7,50000E+1	-5,60210E+1	-7,65202E+1
7,60000E-2	-2,98798E+0	7,60000E+1	-5,52393E+1	-7,98874E+1
7,70000E-2	-2,98670E+0	7,70000E+1	-5,54514E+1	-8,60255E+1
7,80000E-2	-2,99053E+0	7,80000E+1	-5,61336E+1	-7,94925E+1
7,90000E-2	-2,98543E+0	7,90000E+1	-5,57313E+1	-7,72829E+1
8,00000E-2	-2,98670E+0	8,00000E+1	-5,53846E+1	-7,21538E+1
8,10000E-2	-2,98670E+0	8,10000E+1	-5,60561E+1	-7,75549E+1
8,20000E-2	-2,98543E+0	8,20000E+1	-5,59574E+1	-9,84722E+1
8,30000E-2	-2,98925E+0	8,30000E+1	-5,57381E+1	-8,91941E+1
8,40000E-2	-2,98798E+0	8,40000E+1	-5,57743E+1	-8,01978E+1
8,50000E-2	-2,98543E+0	8,50000E+1	-5,68480E+1	-7,55822E+1
8,60000E-2	-2,98925E+0	8,60000E+1	-5,67323E+1	-7,94300E+1
8,70000E-2	-2,98288E+0	8,70000E+1	-5,66255E+1	-8,01068E+1
8,80000E-2	-2,98543E+0	8,80000E+1	-5,70560E+1	-8,31571E+1
8,90000E-2	-2,99053E+0	8,90000E+1	-5,74558E+1	-8,22968E+1
9,00000E-2	-2,98416E+0	9,00000E+1	-5,69247E+1	-1,03066E+2
9,10000E-2	-2,98925E+0	9,10000E+1	-5,64712E+1	-7,98560E+1
9,20000E-2	-2,98670E+0	9,20000E+1	-5,70430E+1	-9,24881E+1
9,30000E-2	-2,98543E+0	9,30000E+1	-5,75609E+1	-8,38636E+1
9,40000E-2	-2,98925E+0	9,40000E+1	-5,76544E+1	-7,79054E+1
9,50000E-2	-2,98288E+0	9,50000E+1	-5,70956E+1	-8,34688E+1
9,60000E-2	-2,98925E+0	9,60000E+1	-5,72657E+1	-8,17156E+1
9,70000E-2	-2,98543E+0	9,70000E+1	-5,77722E+1	-7,94721E+1
9,80000E-2	-2,98543E+0	9,80000E+1	-5,72085E+1	-7,84059E+1
9,90000E-2	-2,98925E+0	9,90000E+1	-5,81945E+1	-8,54538E+1
1,00000E-1	-2,98288E+0	1,00000E+2	-5,86255E+1	-7,43425E+1
1,01000E-1	-2,98670E+0	1,01000E+2	-5,73852E+1	-7,30671E+1
1,02000E-1	-2,98543E+0	1,02000E+2	-5,80183E+1	-9,47300E+1
1,03000E-1	-2,98543E+0	1,03000E+2	-5,88986E+1	-7,63707E+1
1,04000E-1	-2,98288E+0	1,04000E+2	-5,84936E+1	-7,85643E+1
1,05000E-1	-2,98288E+0	1,05000E+2	-5,70165E+1	-7,46775E+1
1,06000E-1	-2,98670E+0	1,06000E+2	-5,79735E+1	-8,99024E+1
1,07000E-1	-2,98034E+0	1,07000E+2	-5,85534E+1	-8,97093E+1
1,08000E-1	-2,98543E+0	1,08000E+2	-5,87958E+1	-8,57958E+1
1,09000E-1	-2,98288E+0	1,09000E+2	-5,89167E+1	-1,01278E+2
1,10000E-1	-2,98288E+0	1,10000E+2	-5,88721E+1	-7,87578E+1
1,11000E-1	-2,98161E+0	1,11000E+2	-5,83430E+1	-7,76331E+1
1,12000E-1	-2,98034E+0	1,12000E+2	-5,87058E+1	-8,07351E+1
1,13000E-1	-2,98543E+0	1,13000E+2	-5,81867E+1	-9,03944E+1
1,14000E-1	-2,98034E+0	1,14000E+2	-5,80961E+1	-7,92739E+1
1,15000E-1	-2,98161E+0	1,15000E+2	-5,96154E+1	-7,62215E+1
1,16000E-1	-2,98543E+0	1,16000E+2	-5,94374E+1	-8,11926E+1
1,17000E-1	-2,98161E+0	1,17000E+2	-5,87388E+1	-7,87494E+1
1,18000E-1	-2,98161E+0	1,18000E+2	-5,95220E+1	-7,51245E+1
1,19000E-1	-2,98034E+0	1,19000E+2	-5,96024E+1	-7,67072E+1
1,20000E-1	-2,97906E+0	1,20000E+2	-5,93270E+1	-1,16731E+2
1,21000E-1	-2,98288E+0	1,21000E+2	-5,89771E+1	-7,98567E+1
1,22000E-1	-2,98161E+0	1,22000E+2	-5,93787E+1	-8,64163E+1
1,23000E-1	-2,98034E+0	1,23000E+2	-5,91753E+1	-8,26014E+1
1,24000E-1	-2,98034E+0	1,24000E+2	-5,99683E+1	-8,66988E+1
1,25000E-1	-2,98034E+0	1,25000E+2	-6,01227E+1	-8,97481E+1
1,26000E-1	-2,98288E+0	1,26000E+2	-6,05458E+1	-8,34689E+1
1,27000E-1	-2,97652E+0	1,27000E+2	-5,97862E+1	-7,90650E+1
1,28000E-1	-2,98161E+0	1,28000E+2	-6,09916E+1	-8,03384E+1
1,29000E-1	-2,97906E+0	1,29000E+2	-6,04254E+1	-8,79880E+1
1,30000E-1	-2,97906E+0	1,30000E+2	-5,96227E+1	-8,26107E+1
1,31000E-1	-2,98161E+0	1,31000E+2	-6,00295E+1	-7,79266E+1
1,32000E-1	-2,97524E+0	1,32000E+2	-5,85004E+1	-7,21821E+1
1,33000E-1	-2,98034E+0	1,33000E+2	-6,09077E+1	-7,38407E+1
1,34000E-1	-2,97906E+0	1,34000E+2	-5,98411E+1	-8,46218E+1
1,35000E-1	-2,97652E+0	1,35000E+2	-5,98370E+1	-1,17452E+2
1,36000E-1	-2,97652E+0	1,36000E+2	-5,98203E+1	-8,20348E+1
1,37000E-1	-2,97397E+0	1,37000E+2	-6,09934E+1	-7,93690E+1
1,38000E-1	-2,98034E+0	1,38000E+2	-6,07725E+1	-8,16741E+1
1,39000E-1	-2,97397E+0	1,39000E+2	-6,01765E+1	-8,18439E+1
1,40000E-1	-2,97652E+0	1,40000E+2	-6,06331E+1	-8,67863E+1
1,41000E-1	-2,98034E+0	1,41000E+2	-6,08121E+1	-7,88353E+1
1,42000E-1	-2,97524E+0	1,42000E+2	-5,93300E+1	-7,58958E+1
1,43000E-1	-2,98034E+0	1,43000E+2	-6,03632E+1	-8,02819E+1
1,44000E-1	-2,97779E+0	1,44000E+2	-6,06844E+1	-8,21964E+1
1,45000E-1	-2,97652E+0	1,45000E+2	-6,09797E+1	-8,47868E+1
1,46000E-1	-2,97906E+0	1,46000E+2	-6,03182E+1	-8,37666E+1
1,47000E-1	-2,97397E+0	1,47000E+2	-6,06429E+1	-9,21068E+1
1,48000E-1	-2,97779E+0	1,48000E+2	-6,11247E+1	-8,75273E+1
1,49000E-1	-2,97397E+0	1,49000E+2	-6,08553E+1	-8,39277E+1
1,50000E-1	-2,97397E+0	1,50000E+2	-6,11561E+1	-7,73734E+1
1,51000E-1	-2,97779E+0	1,51000E+2	-6,18843E+1	-8,07532E+1
1,52000E-1	-2,97142E+0	1,52000E+2	-6,13753E+1	-8,61874E+1
1,53000E-1	-2,97524E+0	1,53000E+2	-6,09225E+1	-7,92757E+1
1,54000E-1	-2,97652E+0	1,54000E+2	-6,17255E+1	-7,87278E+1
1,55000E-1	-2,97270E+0	1,55000E+2	-6,17104E+1	-7,86686E+1
1,56000E-1	-2,97397E+0	1,56000E+2	-6,16092E+1	-8,48118E+1
1,57000E-1	-2,97015E+0	1,57000E+2	-6,07052E+1	-8,29865E+1
1,58000E-1	-2,97524E+0	1,58000E+2	-6,11710E+1	-8,32938E+1
1,59000E-1	-2,97015E+0	1,59000E+2	-6,15729E+1	-8,10704E+1
1,60000E-1	-2,97142E+0	1,60000E+2	-6,18358E+1	-9,06487E+1
1,61000E-1	-2,97142E+0	1,61000E+2	-6,16133E+1	-7,95498E+1
1,62000E-1	-2,97015E+0	1,62000E+2	-6,09022E+1	-7,54129E+1
1,63000E-1	-2,97270E+0	1,63000E+2	-6,30478E+1	-8,11880E+1
1,64000E-1	-2,97142E+0	1,64000E+2	-6,33513E+1	-8,33810E+1
1,65000E-1	-2,97142E+0	1,65000E+2	-6,30612E+1	-7,97409E+1
1,66000E-1	-2,97524E+0	1,66000E+2	-6,26420E+1	-7,91338E+1
1,67000E-1	-2,96760E+0	1,67000E+2	-6,17294E+1	-7,67144E+1
1,68000E-1	-2,97142E+0	1,68000E+2	-6,32113E+1	-7,55127E+1
1,69000E-1	-2,97015E+0	1,69000E+2	-6,09057E+1	-7,38813E+1
1,70000E-1	-2,97015E+0	1,70000E+2	-6,29897E+1	-7,90913E+1
1,71000E-1	-2,97270E+0	1,71000E+2	-6,26312E+1	-9,63920E+1
1,72000E-1	-2,96633E+0	1,72000E+2	-6,23436E+1	-9,91505E+1
1,73000E-1	-2,96888E+0	1,73000E+2	-6,22690E+1	-8,55662E+1
1,74000E-1	-2,97015E+0	1,74000E+2	-6,14315E+1	-7,64814E+1
1,75000E-1	-2,96760E+0	1,75000E+2	-6,36964E+1	-7,49575E+1
1,76000E-1	-2,97142E+0	1,76000E+2	-6,22610E+1	-7,67259E+1
1,77000E-1	-2,96378E+0	1,77000E+2	-6,25851E+1	-7,83461E+1
1,78000E-1	-2,97015E+0	1,78000E+2	-6,14216E+1	-7,85781E+1
1,79000E-1	-2,96888E+0	1,79000E+2	-6,23549E+1	-7,83006E+1
1,80000E-1	-2,96760E+0	1,80000E+2	-6,21957E+1	-7,97579E+1
1,81000E-1	-2,97015E+0	1,81000E+2	-6,23747E+1	-8,37375E+1
1,82000E-1	-2,96506E+0	1,82000E+2	-6,41819E+1	-7,91220E+1
1,83000E-1	-2,96760E+0	1,83000E+2	-6,32209E+1	-7,77260E+1
1,84000E-1	-2,96633E+0	1,84000E+2	-6,16727E+1	-7,32211E+1
1,85000E-1	-2,96633E+0	1,85000E+2	-6,47562E+1	-7,66762E+1
1,86000E-1	-2,97015E+0	1,86000E+2	-6,41105E+1	-9,07327E+1
1,87000E-1	-2,96251E+0	1,87000E+2	-6,29357E+1	-8,60442E+1
1,88000E-1	-2,96633E+0	1,88000E+2	-6,28069E+1	-9,38860E+1
1,89000E-1	-2,96506E+0	1,89000E+2	-6,24303E+1	-8,47225E+1
1,90000E-1	-2,96378E+0	1,90000E+2	-6,31526E+1	-8,20384E+1
1,91000E-1	-2,96760E+0	1,91000E+2	-6,21795E+1	-7,86607E+1
1,92000E-1	-2,96506E+0	1,92000E+2	-6,37674E+1	-7,72536E+1
1,93000E-1	-2,96378E+0	1,93000E+2	-6,36505E+1	-7,90763E+1
1,94000E-1	-2,96760E+0	1,94000E+2	-6,30317E+1	-8,18774E+1
1,95000E-1	-2,95996E+0	1,95000E+2	-6,36520E+1	-8,68965E+1
1,96000E-1	-2,96506E+0	1,96000E+2	-6,30937E+1	-8,86804E+1
1,97000E-1	-2,96378E+0	1,97000E+2	-6,34538E+1	-8,75060E+1
1,98000E-1	-2,96251E+0	1,98000E+2	-6,29738E+1	-8,95457E+1
1,99000E-1	-2,96633E+0	1,99000E+2	-6,33219E+1	-8,87788E+1
2,00000E-1	-2,96378E+0	2,00000E+2	-6,29367E+1	-9,30902E+1
2,01000E-1	-2,96251E+0	2,01000E+2	-6,22230E+1	-8,37696E+1
2,02000E-1	-2,96123E+0	2,02000E+2	-6,29344E+1	-8,53860E+1
2,03000E-1	-2,95996E+0	2,03000E+2	-6,51907E+1	-7,79847E+1
2,04000E-1	-2,96378E+0	2,04000E+2	-6,41586E+1	-8,73157E+1
2,05000E-1	-2,96123E+0	2,05000E+2	-6,26667E+1	-8,22761E+1
2,06000E-1	-2,95996E+0	2,06000E+2	-6,29066E+1	-8,16862E+1
2,07000E-1	-2,96506E+0	2,07000E+2	-6,44817E+1	-7,78158E+1
2,08000E-1	-2,95996E+0	2,08000E+2	-6,29988E+1	-9,02127E+1
2,09000E-1	-2,96251E+0	2,09000E+2	-6,23067E+1	-7,93696E+1
2,10000E-1	-2,96123E+0	2,10000E+2	-6,42407E+1	-8,25532E+1
2,11000E-1	-2,96123E+0	2,11000E+2	-6,44546E+1	-8,60752E+1
2,12000E-1	-2,95996E+0	2,12000E+2	-6,33614E+1	-8,03374E+1
2,13000E-1	-2,95869E+0	2,13000E+2	-6,48979E+1	-8,15196E+1
2,14000E-1	-2,96251E+0	2,14000E+2	-6,41418E+1	-8,07386E+1
2,15000E-1	-2,95487E+0	2,15000E+2	-6,35144E+1	-7,98248E+1
2,16000E-1	-2,95996E+0	2,16000E+2	-6,47193E+1	-8,30350E+1
2,17000E-1	-2,95869E+0	2,17000E+2	-6,41568E+1	-8,10442E+1
2,18000E-1	-2,95614E+0	2,18000E+2	-6,34582E+1	-7,56336E+1
2,19000E-1	-2,95996E+0	2,19000E+2	-6,36994E+1	-7,82423E+1
2,20000E-1	-2,95996E+0	2,20000E+2	-6,49361E+1	-8,17895E+1
2,21000E-1	-2,95741E+0	2,21000E+2	-6,45542E+1	-8,24487E+1
2,22000E-1	-2,96123E+0	2,22000E+2	-6,32893E+1	-7,97641E+1
2,23000E-1	-2,95359E+0	2,23000E+2	-6,35128E+1	-8,51937E+1
2,24000E-1	-2,95869E+0	2,24000E+2	-6,42359E+1	-8,33471E+1
2,25000E-1	-2,95614E+0	2,25000E+2	-6,34015E+1	-8,50417E+1
2,26000E-1	-2,95359E+0	2,26000E+2	-6,32782E+1	-8,61598E+1
2,27000E-1	-2,95359E+0	2,27000E+2	-6,40307E+1	-8,86922E+1
2,28000E-1	-2,95359E+0	2,28000E+2	-6,44576E+1	-8,08601E+1
2,29000E-1	-2,95614E+0	2,29000E+2	-6,59072E+1	-7,52793E+1
2,30000E-1	-2,95614E+0	2,30000E+2	-6,34616E+1	-8,03307E+1
2,31000E-1	-2,95487E+0	2,31000E+2	-6,36913E+1	-8,15797E+1
2,32000E-1	-2,95869E+0	2,32000E+2	-6,54193E+1	-7,93622E+1
2,33000E-1	-2,95105E+0	2,33000E+2	-6,41363E+1	-8,28514E+1
2,34000E-1	-2,95614E+0	2,34000E+2	-6,49133E+1	-1,00247E+2
2,35000E-1	-2,94977E+0	2,35000E+2	-6,60747E+1	-8,05407E+1
2,36000E-1	-2,95232E+0	2,36000E+2	-6,42190E+1	-8,01162E+1
2,37000E-1	-2,95359E+0	2,37000E+2	-6,43556E+1	-8,12657E+1
2,38000E-1	-2,94977E+0	2,38000E+2	-6,50719E+1	-8,08100E+1
2,39000E-1	-2,95487E+0	2,39000E+2	-6,40410E+1	-8,75520E+1
2,40000E-1	-2,95359E+0	2,40000E+2	-6,41211E+1	-8,44285E+1
2,41000E-1	-2,95105E+0	2,41000E+2	-6,49227E+1	-8,44834E+1
2,42000E-1	-2,94977E+0	2,42000E+2	-6,61012E+1	-7,89699E+1
2,43000E-1	-2,94977E+0	2,43000E+2	-6,56381E+1	-9,48705E+1
2,44000E-1	-2,94977E+0	2,44000E+2	-6,51253E+1	-8,55932E+1
2,45000E-1	-2,94723E+0	2,45000E+2	-6,53974E+1	-8,31096E+1
2,46000E-1	-2,94977E+0	2,46000E+2	-6,48103E+1	-8,13602E+1
2,47000E-1	-2,94468E+0	2,47000E+2	-6,43095E+1	-9,31573E+1
2,48000E-1	-2,94850E+0	2,48000E+2	-6,41548E+1	-8,23025E+1
2,49000E-1	-2,95232E+0	2,49000E+2	-6,51746E+1	-8,04331E+1
2,50000E-1	-2,94468E+0	2,50000E+2	-6,34145E+1	-7,52319E+1
2,51000E-1	-2,94977E+0	2,51000E+2	-6,65346E+1	-8,00371E+1
2,52000E-1	-2,94723E+0	2,52000E+2	-6,68532E+1	-8,19893E+1
2,53000E-1	-2,94595E+0	2,53000E+2	-6,50913E+1	-8,31365E+1
2,54000E-1	-2,95105E+0	2,54000E+2	-6,39365E+1	-9,33474E+1
2,55000E-1	-2,94723E+0	2,55000E+2	-6,26598E+1	-7,80427E+1
2,56000E-1	-2,94595E+0	2,56000E+2	-6,41668E+1	-8,00505E+1
2,57000E-1	-2,94595E+0	2,57000E+2	-6,50404E+1	-7,91158E+1
2,58000E-1	-2,94341E+0	2,58000E+2	-6,38899E+1	-7,92991E+1
2,59000E-1	-2,94723E+0	2,59000E+2	-6,54090E+1	-8,55609E+1
2,60000E-1	-2,94595E+0	2,60000E+2	-6,71862E+1	-8,02432E+1
2,61000E-1	-2,94341E+0	2,61000E+2	-6,63200E+1	-1,06685E+2
2,62000E-1	-2,94723E+0	2,62000E+2	-6,55300E+1	-9,42730E+1
2,63000E-1	-2,94086E+0	2,63000E+2	-6,53927E+1	-9,13520E+1
2,64000E-1	-2,94595E+0	2,64000E+2	-6,59445E+1	-8,38405E+1
2,65000E-1	-2,94341E+0	2,65000E+2	-6,62511E+1	-7,46337E+1
2,66000E-1	-2,94213E+0	2,66000E+2	-6,47803E+1	-7,47407E+1
2,67000E-1	-2,94595E+0	2,67000E+2	-6,53427E+1	-8,58439E+1
2,68000E-1	-2,94468E+0	2,68000E+2	-6,47529E+1	-8,43255E+1
2,69000E-1	-2,94213E+0	2,69000E+2	-6,52985E+1	-8,03335E+1
2,70000E-1	-2,94213E+0	2,70000E+2	-6,43631E+1	-8,12737E+1
2,71000E-1	-2,93959E+0	2,71000E+2	-6,57742E+1	-7,96775E+1
2,72000E-1	-2,94213E+0	2,72000E+2	-6,58076E+1	-8,01088E+1
2,73000E-1	-2,93704E+0	2,73000E+2	-6,51122E+1	-8,99635E+1
2,74000E-1	-2,94086E+0	2,74000E+2	-6,43946E+1	-8,50744E+1
2,75000E-1	-2,93959E+0	2,75000E+2	-6,45269E+1	-8,46476E+1
2,76000E-1	-2,93831E+0	2,76000E+2	-6,31530E+1	-7,98832E+1
2,77000E-1	-2,94213E+0	2,77000E+2	-6,44597E+1	-8,41799E+1
2,78000E-1	-2,93959E+0	2,78000E+2	-6,60040E+1	-7,66472E+1
2,79000E-1	-2,93959E+0	2,79000E+2	-6,45723E+1	-7,65699E+1
2,80000E-1	-2,94341E+0	2,80000E+2	-6,63444E+1	-8,69483E+1
2,81000E-1	-2,93449E+0	2,81000E+2	-6,67033E+1	-9,42777E+1
2,82000E-1	-2,93959E+0	2,82000E+2	-6,76441E+1	-7,97747E+1
2,83000E-1	-2,93831E+0	2,83000E+2	-6,49219E+1	-7,70680E+1
2,84000E-1	-2,93577E+0	2,84000E+2	-6,69992E+1	-7,63575E+1
2,85000E-1	-2,93322E+0	2,85000E+2	-6,41679E+1	-7,79672E+1
2,86000E-1	-2,93194E+0	2,86000E+2	-6,51302E+1	-8,96110E+1
2,87000E-1	-2,93704E+0	2,87000E+2	-6,52864E+1	-8,87409E+1
2,88000E-1	-2,93577E+0	2,88000E+2	-6,62795E+1	-9,09831E+1
2,89000E-1	-2,93449E+0	2,89000E+2	-6,64133E+1	-8,29968E+1
2,90000E-1	-2,93831E+0	2,90000E+2	-6,75282E+1	-7,91498E+1
2,91000E-1	-2,92940E+0	2,91000E+2	-6,49649E+1	-7,60871E+1
2,92000E-1	-2,93194E+0	2,92000E+2	-6,54859E+1	-8,20339E+1
2,93000E-1	-2,93194E+0	2,93000E+2	-6,41481E+1	-8,09429E+1
2,94000E-1	-2,93067E+0	2,94000E+2	-6,55080E+1	-8,88890E+1
2,95000E-1	-2,93449E+0	2,95000E+2	-6,72163E+1	-7,82633E+1
2,96000E-1	-2,92812E+0	2,96000E+2	-6,58525E+1	-8,01432E+1
2,97000E-1	-2,93322E+0	2,97000E+2	-6,54912E+1	-8,07771E+1
2,98000E-1	-2,92940E+0	2,98000E+2	-6,81681E+1	-7,49720E+1
2,99000E-1	-2,92812E+0	2,99000E+2	-6,65825E+1	-7,77728E+1
3,00000E-1	-2,93194E+0	3,00000E+2	-6,60215E+1	-8,28150E+1
3,01000E-1	-2,92558E+0	3,01000E+2	-6,73642E+1	-8,46592E+1
3,02000E-1	-2,93067E+0	3,02000E+2	-6,73500E+1	-7,93058E+1
3,03000E-1	-2,92940E+0	3,03000E+2	-6,43579E+1	-8,53334E+1
3,04000E-1	-2,92685E+0	3,04000E+2	-6,30429E+1	-8,23389E+1
3,05000E-1	-2,93194E+0	3,05000E+2	-6,35630E+1	-8,56753E+1
3,06000E-1	-2,92430E+0	3,06000E+2	-6,51650E+1	-8,08061E+1
3,07000E-1	-2,92812E+0	3,07000E+2	-6,72817E+1	-7,78478E+1
3,08000E-1	-2,93194E+0	3,08000E+2	-6,66572E+1	-1,07957E+2
3,09000E-1	-2,92430E+0	3,09000E+2	-6,60157E+1	-8,38393E+1
3,10000E-1	-2,92812E+0	3,10000E+2	-6,77439E+1	-7,87207E+1
3,11000E-1	-2,92685E+0	3,11000E+2	-6,53580E+1	-8,49501E+1
3,12000E-1	-2,92558E+0	3,12000E+2	-6,45943E+1	-7,65806E+1
3,13000E-1	-2,92940E+0	3,13000E+2	-6,76686E+1	-7,09932E+1
3,14000E-1	-2,92176E+0	3,14000E+2	-6,45341E+1	-7,47778E+1
3,15000E-1	-2,92558E+0	3,15000E+2	-6,60561E+1	-8,68471E+1
3,16000E-1	-2,92558E+0	3,16000E+2	-6,87879E+1	-8,01529E+1
3,17000E-1	-2,92303E+0	3,17000E+2	-6,78858E+1	-8,70901E+1
3,18000E-1	-2,92685E+0	3,18000E+2	-6,61781E+1	-7,76075E+1
3,19000E-1	-2,91921E+0	3,19000E+2	-6,41889E+1	-7,41206E+1
3,20000E-1	-2,92430E+0	3,20000E+2	-6,73669E+1	-7,69557E+1
3,21000E-1	-2,92176E+0	3,21000E+2	-6,58930E+1	-7,81674E+1
3,22000E-1	-2,92048E+0	3,22000E+2	-6,74641E+1	-7,68867E+1
3,23000E-1	-2,91921E+0	3,23000E+2	-6,52075E+1	-8,11773E+1
3,24000E-1	-2,91794E+0	3,24000E+2	-6,55339E+1	-1,09521E+2
3,25000E-1	-2,92176E+0	3,25000E+2	-6,55399E+1	-7,75767E+1
3,26000E-1	-2,92048E+0	3,26000E+2	-6,66066E+1	-8,10940E+1
3,27000E-1	-2,91794E+0	3,27000E+2	-6,85581E+1	-8,09097E+1
3,28000E-1	-2,92303E+0	3,28000E+2	-6,67329E+1	-8,07967E+1
3,29000E-1	-2,91666E+0	3,29000E+2	-6,43587E+1	-7,45011E+1
3,30000E-1	-2,91794E+0	3,30000E+2	-6,50168E+1	-7,60206E+1
3,31000E-1	-2,91794E+0	3,31000E+2	-6,73034E+1	-7,72051E+1
3,32000E-1	-2,91794E+0	3,32000E+2	-6,48953E+1	-8,02073E+1
3,33000E-1	-2,92048E+0	3,33000E+2	-6,48647E+1	-8,41439E+1
3,34000E-1	-2,91412E+0	3,34000E+2	-6,40212E+1	-7,93745E+1
3,35000E-1	-2,91666E+0	3,35000E+2	-6,63855E+1	-8,35811E+1
3,36000E-1	-2,91539E+0	3,36000E+2	-6,75653E+1	-8,36543E+1
3,37000E-1	-2,91412E+0	3,37000E+2	-6,65832E+1	-7,62676E+1
3,38000E-1	-2,91794E+0	3,38000E+2	-6,35313E+1	-7,78803E+1
3,39000E-1	-2,91539E+0	3,39000E+2	-6,39946E+1	-7,53075E+1
3,40000E-1	-2,91539E+0	3,40000E+2	-7,11030E+1	-7,07529E+1
3,41000E-1	-2,91794E+0	3,41000E+2	-6,70245E+1	-7,78453E+1
3,42000E-1	-2,91030E+0	3,42000E+2	-6,56885E+1	-9,02095E+1
3,43000E-1	-2,91539E+0	3,43000E+2	-6,51975E+1	-7,85739E+1
3,44000E-1	-2,91284E+0	3,44000E+2	-6,88883E+1	-7,68277E+1
3,45000E-1	-2,91157E+0	3,45000E+2	-6,67364E+1	-8,14516E+1
3,46000E-1	-2,91030E+0	3,46000E+2	-6,50286E+1	-8,14611E+1
3,47000E-1	-2,90902E+0	3,47000E+2	-6,52712E+1	-8,68950E+1
3,48000E-1	-2,91412E+0	3,48000E+2	-6,58758E+1	-7,48048E+1
3,49000E-1	-2,90520E+0	3,49000E+2	-6,44767E+1	-7,93963E+1
3,50000E-1	-2,91030E+0	3,50000E+2	-6,52290E+1	-7,79279E+1
3,51000E-1	-2,90902E+0	3,51000E+2	-6,64002E+1	-7,87797E+1
3,52000E-1	-2,90648E+0	3,52000E+2	-6,43318E+1	-7,50666E+1
3,53000E-1	-2,91030E+0	3,53000E+2	-6,81441E+1	-7,40776E+1
3,54000E-1	-2,90902E+0	3,54000E+2	-6,66087E+1	-7,31681E+1
3,55000E-1	-2,90775E+0	3,55000E+2	-6,54786E+1	-7,46750E+1
3,56000E-1	-2,91157E+0	3,56000E+2	-6,87383E+1	-7,44392E+1
3,57000E-1	-2,90393E+0	3,57000E+2	-6,46393E+1	-7,42062E+1
3,58000E-1	-2,90902E+0	3,58000E+2	-6,71452E+1	-7,97837E+1
3,59000E-1	-2,90520E+0	3,59000E+2	-6,66905E+1	-8,37091E+1
3,60000E-1	-2,90393E+0	3,60000E+2	-6,78682E+1	-7,44277E+1
3,61000E-1	-2,90902E+0	3,61000E+2	-6,84417E+1	-7,63348E+1
3,62000E-1	-2,90011E+0	3,62000E+2	-6,66383E+1	-8,14711E+1
3,63000E-1	-2,90520E+0	3,63000E+2	-6,41439E+1	-7,26941E+1
3,64000E-1	-2,90393E+0	3,64000E+2	-6,93373E+1	-7,04082E+1
3,65000E-1	-2,90265E+0	3,65000E+2	-6,38192E+1	-6,94752E+1
3,66000E-1	-2,90775E+0	3,66000E+2	-6,71282E+1	-6,97808E+1
3,67000E-1	-2,89883E+0	3,67000E+2	-6,49587E+1	-7,22159E+1
3,68000E-1	-2,90393E+0	3,68000E+2	-6,73012E+1	-7,43228E+1
3,69000E-1	-2,90393E+0	3,69000E+2	-6,45185E+1	-7,49813E+1
3,70000E-1	-2,90138E+0	3,70000E+2	-6,38183E+1	-7,38206E+1
3,71000E-1	-2,89883E+0	3,71000E+2	-6,09845E+1	-6,86289E+1
3,72000E-1	-2,89883E+0	3,72000E+2	-6,63515E+1	-7,00594E+1
3,73000E-1	-2,90393E+0	3,73000E+2	-6,45698E+1	-7,71527E+1
3,74000E-1	-2,89374E+0	3,74000E+2	-6,64444E+1	-7,86638E+1
3,75000E-1	-2,89883E+0	3,75000E+2	-6,46562E+1	-7,56782E+1
3,76000E-1	-2,89756E+0	3,76000E+2	-6,83510E+1	-7,81971E+1
3,77000E-1	-2,89501E+0	3,77000E+2	-6,72150E+1	-7,38346E+1
3,78000E-1	-2,90011E+0	3,78000E+2	-7,29649E+1	-7,17878E+1
3,79000E-1	-2,89883E+0	3,79000E+2	-7,00062E+1	-7,22488E+1
3,80000E-1	-2,89629E+0	3,80000E+2	-7,42879E+1	-7,25288E+1
3,81000E-1	-2,90138E+0	3,81000E+2	-6,94710E+1	-8,32782E+1
3,82000E-1	-2,89374E+0	3,82000E+2	-6,46846E+1	-7,59548E+1
3,83000E-1	-2,89629E+0	3,83000E+2	-6,51279E+1	-7,68615E+1
3,84000E-1	-2,89374E+0	3,84000E+2	-6,39444E+1	-7,55033E+1
3,85000E-1	-2,89247E+0	3,85000E+2	-6,64478E+1	-7,78329E+1
3,86000E-1	-2,89629E+0	3,86000E+2	-6,44595E+1	-7,16577E+1
3,87000E-1	-2,89501E+0	3,87000E+2	-6,20520E+1	-6,66576E+1
3,88000E-1	-2,89247E+0	3,88000E+2	-6,59670E+1	-6,76787E+1
3,89000E-1	-2,89883E+0	3,89000E+2	-6,84047E+1	-6,90160E+1
3,90000E-1	-2,88992E+0	3,90000E+2	-6,97525E+1	-6,92886E+1
3,91000E-1	-2,89374E+0	3,91000E+2	-6,59125E+1	-7,14281E+1
3,92000E-1	-2,89374E+0	3,92000E+2	-6,97402E+1	-7,51936E+1
3,93000E-1	-2,89119E+0	3,93000E+2	-6,66366E+1	-6,87510E+1
3,94000E-1	-2,88992E+0	3,94000E+2	-6,36163E+1	-6,63454E+1
3,95000E-1	-2,88992E+0	3,95000E+2	-7,54937E+1	-6,76200E+1
3,96000E-1	-2,89374E+0	3,96000E+2	-6,99767E+1	-6,73902E+1
3,97000E-1	-2,89119E+0	3,97000E+2	-6,01817E+1	-6,30469E+1
3,98000E-1	-2,88865E+0	3,98000E+2	-6,73992E+1	-6,64940E+1
3,99000E-1	-2,89374E+0	3,99000E+2	-6,31102E+1	-6,62857E+1
4,00000E-1	-2,88355E+0	4,00000E+2	-6,66623E+1	-6,68567E+1
4,01000E-1	-2,88992E+0	4,01000E+2	-8,10324E+1	-6,50432E+1
4,02000E-1	-2,88737E+0	4,02000E+2	-6,58329E+1	-6,60025E+1
4,03000E-1	-2,88737E+0	4,03000E+2	-7,53900E+1	-6,69932E+1
4,04000E-1	-2,88992E+0	4,04000E+2	-6,64616E+1	-7,01282E+1
4,05000E-1	-2,88228E+0	4,05000E+2	-6,72852E+1	-7,23916E+1
4,06000E-1	-2,88737E+0	4,06000E+2	-6,44523E+1	-7,35770E+1
4,07000E-1	-2,88355E+0	4,07000E+2	-6,68597E+1	-7,96179E+1
4,08000E-1	-2,88355E+0	4,08000E+2	-6,57376E+1	-7,91443E+1
4,09000E-1	-2,88865E+0	4,09000E+2	-6,87333E+1	-7,17599E+1
4,10000E-1	-2,87846E+0	4,10000E+2	-6,25546E+1	-6,78504E+1
4,11000E-1	-2,88483E+0	4,11000E+2	-6,44758E+1	-6,58951E+1
4,12000E-1	-2,87973E+0	4,12000E+2	-7,38788E+1	-6,40395E+1
4,13000E-1	-2,87846E+0	4,13000E+2	-6,58485E+1	-6,90507E+1
4,14000E-1	-2,88355E+0	4,14000E+2	-6,61920E+1	-7,36380E+1
4,15000E-1	-2,88101E+0	4,15000E+2	-6,49055E+1	-7,55173E+1
4,16000E-1	-2,87973E+0	4,16000E+2	-6,44554E+1	-7,78747E+1
4,17000E-1	-2,88228E+0	4,17000E+2	-6,64388E+1	-8,77110E+1
4,18000E-1	-2,88101E+0	4,18000E+2	-6,82765E+1	-7,60376E+1
4,19000E-1	-2,87846E+0	4,19000E+2	-6,64199E+1	-7,65842E+1
4,20000E-1	-2,88483E+0	4,20000E+2	-6,97003E+1	-7,72258E+1
4,21000E-1	-2,87718E+0	4,21000E+2	-6,74164E+1	-7,40037E+1
4,22000E-1	-2,87973E+0	4,22000E+2	-6,79850E+1	-7,14013E+1
4,23000E-1	-2,87209E+0	4,23000E+2	-6,65803E+1	-7,58173E+1
4,24000E-1	-2,87591E+0	4,24000E+2	-6,63626E+1	-8,26293E+1
4,25000E-1	-2,87464E+0	4,25000E+2	-6,86554E+1	-7,55849E+1
4,26000E-1	-2,87336E+0	4,26000E+2	-6,45573E+1	-7,33411E+1
4,27000E-1	-2,87591E+0	4,27000E+2	-6,81537E+1	-7,97456E+1
4,28000E-1	-2,86827E+0	4,28000E+2	-6,82172E+1	-8,26465E+1
4,29000E-1	-2,87336E+0	4,29000E+2	-6,65308E+1	-7,90435E+1
4,30000E-1	-2,86954E+0	4,30000E+2	-6,59386E+1	-8,13841E+1
4,31000E-1	-2,87082E+0	4,31000E+2	-6,71734E+1	-7,33670E+1
4,32000E-1	-2,87464E+0	4,32000E+2	-7,02071E+1	-7,28044E+1
4,33000E-1	-2,87209E+0	4,33000E+2	-6,92369E+1	-8,00916E+1
4,34000E-1	-2,87082E+0	4,34000E+2	-6,96692E+1	-8,48359E+1
4,35000E-1	-2,86827E+0	4,35000E+2	-6,74681E+1	-8,19492E+1
4,36000E-1	-2,86445E+0	4,36000E+2	-6,83736E+1	-8,77049E+1
4,37000E-1	-2,86954E+0	4,37000E+2	-6,81630E+1	-8,86684E+1
4,38000E-1	-2,86827E+0	4,38000E+2	-6,71393E+1	-8,83479E+1
4,39000E-1	-2,86572E+0	4,39000E+2	-6,76958E+1	-8,76368E+1
4,40000E-1	-2,87082E+0	4,40000E+2	-6,81938E+1	-8,12690E+1
4,41000E-1	-2,86318E+0	4,41000E+2	-6,95236E+1	-9,05833E+1
4,42000E-1	-2,86700E+0	4,42000E+2	-6,93968E+1	-7,51863E+1
4,43000E-1	-2,86572E+0	4,43000E+2	-6,50471E+1	-7,07000E+1
4,44000E-1	-2,86572E+0	4,44000E+2	-6,83720E+1	-7,33330E+1
4,45000E-1	-2,86572E+0	4,45000E+2	-6,54550E+1	-8,29234E+1
4,46000E-1	-2,86700E+0	4,46000E+2	-6,51334E+1	-7,89714E+1
4,47000E-1	-2,86318E+0	4,47000E+2	-6,87164E+1	-7,34819E+1
4,48000E-1	-2,86700E+0	4,48000E+2	-6,49884E+1	-7,41464E+1
4,49000E-1	-2,86700E+0	4,49000E+2	-6,82040E+1	-7,62468E+1
4,50000E-1	-2,86318E+0	4,50000E+2	-6,58381E+1	-7,91646E+1
4,51000E-1	-2,86827E+0	4,51000E+2	-6,76645E+1	-8,31865E+1
4,52000E-1	-2,85936E+0	4,52000E+2	-6,69253E+1	-8,53984E+1
4,53000E-1	-2,86190E+0	4,53000E+2	-6,83315E+1	-8,22187E+1
4,54000E-1	-2,85426E+0	4,54000E+2	-6,80575E+1	-8,60467E+1
4,55000E-1	-2,85808E+0	4,55000E+2	-6,57831E+1	-7,57536E+1
4,56000E-1	-2,86318E+0	4,56000E+2	-6,90711E+1	-7,58525E+1
4,57000E-1	-2,85554E+0	4,57000E+2	-6,60707E+1	-7,78759E+1
4,58000E-1	-2,85936E+0	4,58000E+2	-6,82196E+1	-8,41926E+1
4,59000E-1	-2,85554E+0	4,59000E+2	-6,80118E+1	-8,17724E+1
4,60000E-1	-2,85426E+0	4,60000E+2	-6,54773E+1	-7,46311E+1
4,61000E-1	-2,85936E+0	4,61000E+2	-6,73673E+1	-7,65050E+1
4,62000E-1	-2,85044E+0	4,62000E+2	-6,70566E+1	-8,60398E+1
4,63000E-1	-2,85426E+0	4,63000E+2	-6,83198E+1	-7,96722E+1
4,64000E-1	-2,85808E+0	4,64000E+2	-6,54391E+1	-7,52819E+1
4,65000E-1	-2,85044E+0	4,65000E+2	-6,82532E+1	-7,68071E+1
4,66000E-1	-2,85554E+0	4,66000E+2	-6,68532E+1	-8,32467E+1
4,67000E-1	-2,85299E+0	4,67000E+2	-6,71429E+1	-8,44392E+1
4,68000E-1	-2,85044E+0	4,68000E+2	-6,63598E+1	-7,92336E+1
4,69000E-1	-2,85299E+0	4,69000E+2	-6,79371E+1	-8,75603E+1
4,70000E-1	-2,85172E+0	4,70000E+2	-6,90321E+1	-7,84107E+1
4,71000E-1	-2,85044E+0	4,71000E+2	-6,83573E+1	-8,76027E+1
4,72000E-1	-2,85426E+0	4,72000E+2	-6,83472E+1	-1,04140E+2
4,73000E-1	-2,84662E+0	4,73000E+2	-6,80849E+1	-8,97585E+1
4,74000E-1	-2,85044E+0	4,74000E+2	-6,90296E+1	-8,28006E+1
4,75000E-1	-2,84789E+0	4,75000E+2	-6,93255E+1	-8,66508E+1
4,76000E-1	-2,84662E+0	4,76000E+2	-7,15617E+1	-7,66036E+1
4,77000E-1	-2,84917E+0	4,77000E+2	-6,77249E+1	-7,97789E+1
4,78000E-1	-2,84789E+0	4,78000E+2	-6,82744E+1	-8,22879E+1
4,79000E-1	-2,84662E+0	4,79000E+2	-6,84023E+1	-7,64519E+1
4,80000E-1	-2,84917E+0	4,80000E+2	-6,92100E+1	-8,30924E+1
4,81000E-1	-2,84025E+0	4,81000E+2	-6,79174E+1	-8,38837E+1
4,82000E-1	-2,84407E+0	4,82000E+2	-6,90205E+1	-8,59878E+1
4,83000E-1	-2,84280E+0	4,83000E+2	-6,79834E+1	-8,85353E+1
4,84000E-1	-2,84025E+0	4,84000E+2	-6,85597E+1	-8,26219E+1
4,85000E-1	-2,84280E+0	4,85000E+2	-6,89911E+1	-7,87359E+1
4,86000E-1	-2,84025E+0	4,86000E+2	-6,66199E+1	-7,80636E+1
4,87000E-1	-2,83898E+0	4,87000E+2	-6,88843E+1	-8,02077E+1
4,88000E-1	-2,84407E+0	4,88000E+2	-6,68902E+1	-7,87797E+1
4,89000E-1	-2,84025E+0	4,89000E+2	-6,90565E+1	-8,12267E+1
4,90000E-1	-2,83771E+0	4,90000E+2	-6,82168E+1	-9,52296E+1
4,91000E-1	-2,84025E+0	4,91000E+2	-6,81075E+1	-8,86212E+1
4,92000E-1	-2,83898E+0	4,92000E+2	-6,72178E+1	-8,00232E+1
4,93000E-1	-2,83771E+0	4,93000E+2	-6,80940E+1	-7,78845E+1
4,94000E-1	-2,84280E+0	4,94000E+2	-6,76240E+1	-8,09446E+1
4,95000E-1	-2,83261E+0	4,95000E+2	-6,95681E+1	-7,72902E+1
4,96000E-1	-2,83771E+0	4,96000E+2	-6,56431E+1	-7,38949E+1
4,97000E-1	-2,83261E+0	4,97000E+2	-7,02097E+1	-7,69365E+1
4,98000E-1	-2,83261E+0	4,98000E+2	-6,87689E+1	-8,62169E+1
4,99000E-1	-2,83643E+0	4,99000E+2	-6,87971E+1	-8,00018E+1
5,00000E-1	-2,83389E+0	0,00000E+0	0,00000E+0	0,00000E+0
5,01000E-1	-2,83261E+0	0,00000E+0	0,00000E+0	0,00000E+0
5,02000E-1	-2,83771E+0	0,00000E+0	0,00000E+0	0,00000E+0
5,03000E-1	-2,82879E+0	0,00000E+0	0,00000E+0	0,00000E+0
5,04000E-1	-2,83389E+0	0,00000E+0	0,00000E+0	0,00000E+0
5,05000E-1	-2,83898E+0	0,00000E+0	0,00000E+0	0,00000E+0
5,06000E-1	-2,83134E+0	0,00000E+0	0,00000E+0	0,00000E+0
5,07000E-1	-2,83516E+0	0,00000E+0	0,00000E+0	0,00000E+0
5,08000E-1	-2,83134E+0	0,00000E+0	0,00000E+0	0,00000E+0
5,09000E-1	-2,82879E+0	0,00000E+0	0,00000E+0	0,00000E+0
5,10000E-1	-2,83389E+0	0,00000E+0	0,00000E+0	0,00000E+0
5,11000E-1	-2,82625E+0	0,00000E+0	0,00000E+0	0,00000E+0
5,12000E-1	-2,83134E+0	0,00000E+0	0,00000E+0	0,00000E+0
5,13000E-1	-2,82879E+0	0,00000E+0	0,00000E+0	0,00000E+0
5,14000E-1	-2,82625E+0	0,00000E+0	0,00000E+0	0,00000E+0
5,15000E-1	-2,83261E+0	0,00000E+0	0,00000E+0	0,00000E+0
5,16000E-1	-2,83134E+0	0,00000E+0	0,00000E+0	0,00000E+0
5,17000E-1	-2,82879E+0	0,00000E+0	0,00000E+0	0,00000E+0
5,18000E-1	-2,82625E+0	0,00000E+0	0,00000E+0	0,00000E+0
5,19000E-1	-2,82370E+0	0,00000E+0	0,00000E+0	0,00000E+0
5,20000E-1	-2,82879E+0	0,00000E+0	0,00000E+0	0,00000E+0
5,21000E-1	-2,81988E+0	0,00000E+0	0,00000E+0	0,00000E+0
5,22000E-1	-2,82370E+0	0,00000E+0	0,00000E+0	0,00000E+0
5,23000E-1	-2,82243E+0	0,00000E+0	0,00000E+0	0,00000E+0
5,24000E-1	-2,81988E+0	0,00000E+0	0,00000E+0	0,00000E+0
5,25000E-1	-2,81733E+0	0,00000E+0	0,00000E+0	0,00000E+0
5,26000E-1	-2,81606E+0	0,00000E+0	0,00000E+0	0,00000E+0
5,27000E-1	-2,81988E+0	0,00000E+0	0,00000E+0	0,00000E+0
5,28000E-1	-2,81733E+0	0,00000E+0	0,00000E+0	0,00000E+0
5,29000E-1	-2,81733E+0	0,00000E+0	0,00000E+0	0,00000E+0
5,30000E-1	-2,82243E+0	0,00000E+0	0,00000E+0	0,00000E+0
5,31000E-1	-2,81351E+0	0,00000E+0	0,00000E+0	0,00000E+0
5,32000E-1	-2,81606E+0	0,00000E+0	0,00000E+0	0,00000E+0
5,33000E-1	-2,81606E+0	0,00000E+0	0,00000E+0	0,00000E+0
5,34000E-1	-2,81224E+0	0,00000E+0	0,00000E+0	0,00000E+0
5,35000E-1	-2,81733E+0	0,00000E+0	0,00000E+0	0,00000E+0
5,36000E-1	-2,80842E+0	0,00000E+0	0,00000E+0	0,00000E+0
5,37000E-1	-2,81224E+0	0,00000E+0	0,00000E+0	0,00000E+0
5,38000E-1	-2,80969E+0	0,00000E+0	0,00000E+0	0,00000E+0
5,39000E-1	-2,80969E+0	0,00000E+0	0,00000E+0	0,00000E+0
5,40000E-1	-2,81351E+0	0,00000E+0	0,00000E+0	0,00000E+0
5,41000E-1	-2,80587E+0	0,00000E+0	0,00000E+0	0,00000E+0
5,42000E-1	-2,80969E+0	0,00000E+0	0,00000E+0	0,00000E+0
5,43000E-1	-2,80842E+0	0,00000E+0	0,00000E+0	0,00000E+0
5,44000E-1	-2,80460E+0	0,00000E+0	0,00000E+0	0,00000E+0
5,45000E-1	-2,81096E+0	0,00000E+0	0,00000E+0	0,00000E+0
5,46000E-1	-2,80332E+0	0,00000E+0	0,00000E+0	0,00000E+0
5,47000E-1	-2,80714E+0	0,00000E+0	0,00000E+0	0,00000E+0
5,48000E-1	-2,80587E+0	0,00000E+0	0,00000E+0	0,00000E+0
5,49000E-1	-2,80587E+0	0,00000E+0	0,00000E+0	0,00000E+0
5,50000E-1	-2,80205E+0	0,00000E+0	0,00000E+0	0,00000E+0
5,51000E-1	-2,80205E+0	0,00000E+0	0,00000E+0	0,00000E+0
5,52000E-1	-2,80714E+0	0,00000E+0	0,00000E+0	0,00000E+0
5,53000E-1	-2,79696E+0	0,00000E+0	0,00000E+0	0,00000E+0
5,54000E-1	-2,80332E+0	0,00000E+0	0,00000E+0	0,00000E+0
5,55000E-1	-2,80078E+0	0,00000E+0	0,00000E+0	0,00000E+0
5,56000E-1	-2,79823E+0	0,00000E+0	0,00000E+0	0,00000E+0
5,57000E-1	-2,80332E+0	0,00000E+0	0,00000E+0	0,00000E+0
5,58000E-1	-2,79696E+0	0,00000E+0	0,00000E+0	0,00000E+0
5,59000E-1	-2,79823E+0	0,00000E+0	0,00000E+0	0,00000E+0
5,60000E-1	-2,79823E+0	0,00000E+0	0,00000E+0	0,00000E+0
5,61000E-1	-2,79696E+0	0,00000E+0	0,00000E+0	0,00000E+0
5,62000E-1	-2,80205E+0	0,00000E+0	0,00000E+0	0,00000E+0
5,63000E-1	-2,79186E+0	0,00000E+0	0,00000E+0	0,00000E+0
5,64000E-1	-2,79568E+0	0,00000E+0	0,00000E+0	0,00000E+0
5,65000E-1	-2,79313E+0	0,00000E+0	0,00000E+0	0,00000E+0
5,66000E-1	-2,79059E+0	0,00000E+0	0,00000E+0	0,00000E+0
5,67000E-1	-2,79696E+0	0,00000E+0	0,00000E+0	0,00000E+0
5,68000E-1	-2,78677E+0	0,00000E+0	0,00000E+0	0,00000E+0
5,69000E-1	-2,79441E+0	0,00000E+0	0,00000E+0	0,00000E+0
5,70000E-1	-2,79186E+0	0,00000E+0	0,00000E+0	0,00000E+0
5,71000E-1	-2,78804E+0	0,00000E+0	0,00000E+0	0,00000E+0
5,72000E-1	-2,79313E+0	0,00000E+0	0,00000E+0	0,00000E+0
5,73000E-1	-2,78677E+0	0,00000E+0	0,00000E+0	0,00000E+0
5,74000E-1	-2,79186E+0	0,00000E+0	0,00000E+0	0,00000E+0
5,75000E-1	-2,78804E+0	0,00000E+0	0,00000E+0	0,00000E+0
5,76000E-1	-2,78677E+0	0,00000E+0	0,00000E+0	0,00000E+0
5,77000E-1	-2,79186E+0	0,00000E+0	0,00000E+0	0,00000E+0
5,78000E-1	-2,78295E+0	0,00000E+0	0,00000E+0	0,00000E+0
5,79000E-1	-2,78677E+0	0,00000E+0	0,00000E+0	0,00000E+0
5,80000E-1	-2,78549E+0	0,00000E+0	0,00000E+0	0,00000E+0
5,81000E-1	-2,78167E+0	0,00000E+0	0,00000E+0	0,00000E+0
5,82000E-1	-2,78804E+0	0,00000E+0	0,00000E+0	0,00000E+0
5,83000E-1	-2,77785E+0	0,00000E+0	0,00000E+0	0,00000E+0
5,84000E-1	-2,78422E+0	0,00000E+0	0,00000E+0	0,00000E+0
5,85000E-1	-2,78167E+0	0,00000E+0	0,00000E+0	0,00000E+0
5,86000E-1	-2,77785E+0	0,00000E+0	0,00000E+0	0,00000E+0
5,87000E-1	-2,78422E+0	0,00000E+0	0,00000E+0	0,00000E+0
5,88000E-1	-2,77403E+0	0,00000E+0	0,00000E+0	0,00000E+0
5,89000E-1	-2,77913E+0	0,00000E+0	0,00000E+0	0,00000E+0
5,90000E-1	-2,77531E+0	0,00000E+0	0,00000E+0	0,00000E+0
5,91000E-1	-2,77531E+0	0,00000E+0	0,00000E+0	0,00000E+0
5,92000E-1	-2,77913E+0	0,00000E+0	0,00000E+0	0,00000E+0
5,93000E-1	-2,77785E+0	0,00000E+0	0,00000E+0	0,00000E+0
5,94000E-1	-2,77531E+0	0,00000E+0	0,00000E+0	0,00000E+0
5,95000E-1	-2,77149E+0	0,00000E+0	0,00000E+0	0,00000E+0
5,96000E-1	-2,77149E+0	0,00000E+0	0,00000E+0	0,00000E+0
5,97000E-1	-2,77276E+0	0,00000E+0	0,00000E+0	0,00000E+0
5,98000E-1	-2,77403E+0	0,00000E+0	0,00000E+0	0,00000E+0
5,99000E-1	-2,77149E+0	0,00000E+0	0,00000E+0	0,00000E+0
6,00000E-1	-2,77531E+0	0,00000E+0	0,00000E+0	0,00000E+0
6,01000E-1	-2,76639E+0	0,00000E+0	0,00000E+0	0,00000E+0
6,02000E-1	-2,77276E+0	0,00000E+0	0,00000E+0	0,00000E+0
6,03000E-1	-2,76894E+0	0,00000E+0	0,00000E+0	0,00000E+0
6,04000E-1	-2,76512E+0	0,00000E+0	0,00000E+0	0,00000E+0
6,05000E-1	-2,77149E+0	0,00000E+0	0,00000E+0	0,00000E+0
6,06000E-1	-2,76257E+0	0,00000E+0	0,00000E+0	0,00000E+0
6,07000E-1	-2,76767E+0	0,00000E+0	0,00000E+0	0,00000E+0
6,08000E-1	-2,76512E+0	0,00000E+0	0,00000E+0	0,00000E+0
6,09000E-1	-2,76384E+0	0,00000E+0	0,00000E+0	0,00000E+0
6,10000E-1	-2,76639E+0	0,00000E+0	0,00000E+0	0,00000E+0
6,11000E-1	-2,75748E+0	0,00000E+0	0,00000E+0	0,00000E+0
6,12000E-1	-2,76384E+0	0,00000E+0	0,00000E+0	0,00000E+0
6,13000E-1	-2,76130E+0	0,00000E+0	0,00000E+0	0,00000E+0
6,14000E-1	-2,76002E+0	0,00000E+0	0,00000E+0	0,00000E+0
6,15000E-1	-2,76257E+0	0,00000E+0	0,00000E+0	0,00000E+0
6,16000E-1	-2,75493E+0	0,00000E+0	0,00000E+0	0,00000E+0
6,17000E-1	-2,76002E+0	0,00000E+0	0,00000E+0	0,00000E+0
6,18000E-1	-2,75748E+0	0,00000E+0	0,00000E+0	0,00000E+0
6,19000E-1	-2,75620E+0	0,00000E+0	0,00000E+0	0,00000E+0
6,20000E-1	-2,76130E+0	0,00000E+0	0,00000E+0	0,00000E+0
6,21000E-1	-2,75111E+0	0,00000E+0	0,00000E+0	0,00000E+0
6,22000E-1	-2,75748E+0	0,00000E+0	0,00000E+0	0,00000E+0
6,23000E-1	-2,75493E+0	0,00000E+0	0,00000E+0	0,00000E+0
6,24000E-1	-2,75111E+0	0,00000E+0	0,00000E+0	0,00000E+0
6,25000E-1	-2,75748E+0	0,00000E+0	0,00000E+0	0,00000E+0
6,26000E-1	-2,74729E+0	0,00000E+0	0,00000E+0	0,00000E+0
6,27000E-1	-2,75493E+0	0,00000E+0	0,00000E+0	0,00000E+0
6,28000E-1	-2,75111E+0	0,00000E+0	0,00000E+0	0,00000E+0
6,29000E-1	-2,74856E+0	0,00000E+0	0,00000E+0	0,00000E+0
6,30000E-1	-2,75493E+0	0,00000E+0	0,00000E+0	0,00000E+0
6,31000E-1	-2,74729E+0	0,00000E+0	0,00000E+0	0,00000E+0
6,32000E-1	-2,75111E+0	0,00000E+0	0,00000E+0	0,00000E+0
6,33000E-1	-2,74984E+0	0,00000E+0	0,00000E+0	0,00000E+0
6,34000E-1	-2,74729E+0	0,00000E+0	0,00000E+0	0,00000E+0
6,35000E-1	-2,74602E+0	0,00000E+0	0,00000E+0	0,00000E+0
6,36000E-1	-2,74602E+0	0,00000E+0	0,00000E+0	0,00000E+0
6,37000E-1	-2,74856E+0	0,00000E+0	0,00000E+0	0,00000E+0
6,38000E-1	-2,73837E+0	0,00000E+0	0,00000E+0	0,00000E+0
6,39000E-1	-2,74602E+0	0,00000E+0	0,00000E+0	0,00000E+0
6,40000E-1	-2,74220E+0	0,00000E+0	0,00000E+0	0,00000E+0
6,41000E-1	-2,74220E+0	0,00000E+0	0,00000E+0	0,00000E+0
6,42000E-1	-2,74474E+0	0,00000E+0	0,00000E+0	0,00000E+0
6,43000E-1	-2,73583E+0	0,00000E+0	0,00000E+0	0,00000E+0
6,44000E-1	-2,74347E+0	0,00000E+0	0,00000E+0	0,00000E+0
6,45000E-1	-2,74092E+0	0,00000E+0	0,00000E+0	0,00000E+0
6,46000E-1	-2,73710E+0	0,00000E+0	0,00000E+0	0,00000E+0
6,47000E-1	-2,74220E+0	0,00000E+0	0,00000E+0	0,00000E+0
6,48000E-1	-2,73455E+0	0,00000E+0	0,00000E+0	0,00000E+0
6,49000E-1	-2,73837E+0	0,00000E+0	0,00000E+0	0,00000E+0
6,50000E-1	-2,73583E+0	0,00000E+0	0,00000E+0	0,00000E+0
6,51000E-1	-2,73328E+0	0,00000E+0	0,00000E+0	0,00000E+0
6,52000E-1	-2,73837E+0	0,00000E+0	0,00000E+0	0,00000E+0
6,53000E-1	-2,73073E+0	0,00000E+0	0,00000E+0	0,00000E+0
6,54000E-1	-2,73583E+0	0,00000E+0	0,00000E+0	0,00000E+0
6,55000E-1	-2,73073E+0	0,00000E+0	0,00000E+0	0,00000E+0
6,56000E-1	-2,72946E+0	0,00000E+0	0,00000E+0	0,00000E+0
6,57000E-1	-2,73583E+0	0,00000E+0	0,00000E+0	0,00000E+0
6,58000E-1	-2,72691E+0	0,00000E+0	0,00000E+0	0,00000E+0
6,59000E-1	-2,73201E+0	0,00000E+0	0,00000E+0	0,00000E+0
6,60000E-1	-2,73073E+0	0,00000E+0	0,00000E+0	0,00000E+0
6,61000E-1	-2,72819E+0	0,00000E+0	0,00000E+0	0,00000E+0
6,62000E-1	-2,72437E+0	0,00000E+0	0,00000E+0	0,00000E+0
6,63000E-1	-2,72437E+0	0,00000E+0	0,00000E+0	0,00000E+0
6,64000E-1	-2,72819E+0	0,00000E+0	0,00000E+0	0,00000E+0
6,65000E-1	-2,72055E+0	0,00000E+0	0,00000E+0	0,00000E+0
6,66000E-1	-2,72691E+0	0,00000E+0	0,00000E+0	0,00000E+0
6,67000E-1	-2,73073E+0	0,00000E+0	0,00000E+0	0,00000E+0
6,68000E-1	-2,72309E+0	0,00000E+0	0,00000E+0	0,00000E+0
6,69000E-1	-2,72437E+0	0,00000E+0	0,00000E+0	0,00000E+0
6,70000E-1	-2,72564E+0	0,00000E+0	0,00000E+0	0,00000E+0
6,71000E-1	-2,72309E+0	0,00000E+0	0,00000E+0	0,00000E+0
6,72000E-1	-2,71800E+0	0,00000E+0	0,00000E+0	0,00000E+0
6,73000E-1	-2,71800E+0	0,00000E+0	0,00000E+0	0,00000E+0
6,74000E-1	-2,72182E+0	0,00000E+0	0,00000E+0	0,00000E+0
6,75000E-1	-2,72182E+0	0,00000E+0	0,00000E+0	0,00000E+0
6,76000E-1	-2,72055E+0	0,00000E+0	0,00000E+0	0,00000E+0
6,77000E-1	-2,71927E+0	0,00000E+0	0,00000E+0	0,00000E+0
6,78000E-1	-2,71800E+0	0,00000E+0	0,00000E+0	0,00000E+0
6,79000E-1	-2,72309E+0	0,00000E+0	0,00000E+0	0,00000E+0
6,80000E-1	-2,71418E+0	0,00000E+0	0,00000E+0	0,00000E+0
6,81000E-1	-2,71673E+0	0,00000E+0	0,00000E+0	0,00000E+0
6,82000E-1	-2,70908E+0	0,00000E+0	0,00000E+0	0,00000E+0
6,83000E-1	-2,71545E+0	0,00000E+0	0,00000E+0	0,00000E+0
6,84000E-1	-2,71163E+0	0,00000E+0	0,00000E+0	0,00000E+0
6,85000E-1	-2,71418E+0	0,00000E+0	0,00000E+0	0,00000E+0
6,86000E-1	-2,71545E+0	0,00000E+0	0,00000E+0	0,00000E+0
6,87000E-1	-2,70654E+0	0,00000E+0	0,00000E+0	0,00000E+0
6,88000E-1	-2,71418E+0	0,00000E+0	0,00000E+0	0,00000E+0
6,89000E-1	-2,70144E+0	0,00000E+0	0,00000E+0	0,00000E+0
6,90000E-1	-2,70781E+0	0,00000E+0	0,00000E+0	0,00000E+0
6,91000E-1	-2,70526E+0	0,00000E+0	0,00000E+0	0,00000E+0
6,92000E-1	-2,70272E+0	0,00000E+0	0,00000E+0	0,00000E+0
6,93000E-1	-2,70781E+0	0,00000E+0	0,00000E+0	0,00000E+0
6,94000E-1	-2,70017E+0	0,00000E+0	0,00000E+0	0,00000E+0
6,95000E-1	-2,70144E+0	0,00000E+0	0,00000E+0	0,00000E+0
6,96000E-1	-2,70272E+0	0,00000E+0	0,00000E+0	0,00000E+0
6,97000E-1	-2,70017E+0	0,00000E+0	0,00000E+0	0,00000E+0
6,98000E-1	-2,69890E+0	0,00000E+0	0,00000E+0	0,00000E+0
6,99000E-1	-2,69762E+0	0,00000E+0	0,00000E+0	0,00000E+0
7,00000E-1	-2,70017E+0	0,00000E+0	0,00000E+0	0,00000E+0
7,01000E-1	-2,69253E+0	0,00000E+0	0,00000E+0	0,00000E+0
7,02000E-1	-2,70017E+0	0,00000E+0	0,00000E+0	0,00000E+0
7,03000E-1	-2,69508E+0	0,00000E+0	0,00000E+0	0,00000E+0
7,04000E-1	-2,69508E+0	0,00000E+0	0,00000E+0	0,00000E+0
7,05000E-1	-2,69890E+0	0,00000E+0	0,00000E+0	0,00000E+0
7,06000E-1	-2,68998E+0	0,00000E+0	0,00000E+0	0,00000E+0
7,07000E-1	-2,69380E+0	0,00000E+0	0,00000E+0	0,00000E+0
7,08000E-1	-2,69380E+0	0,00000E+0	0,00000E+0	0,00000E+0
7,09000E-1	-2,68998E+0	0,00000E+0	0,00000E+0	0,00000E+0
7,10000E-1	-2,68744E+0	0,00000E+0	0,00000E+0	0,00000E+0
7,11000E-1	-2,68998E+0	0,00000E+0	0,00000E+0	0,00000E+0
7,12000E-1	-2,68998E+0	0,00000E+0	0,00000E+0	0,00000E+0
7,13000E-1	-2,69126E+0	0,00000E+0	0,00000E+0	0,00000E+0
7,14000E-1	-2,68998E+0	0,00000E+0	0,00000E+0	0,00000E+0
7,15000E-1	-2,68489E+0	0,00000E+0	0,00000E+0	0,00000E+0
7,16000E-1	-2,68489E+0	0,00000E+0	0,00000E+0	0,00000E+0
7,17000E-1	-2,69380E+0	0,00000E+0	0,00000E+0	0,00000E+0
7,18000E-1	-2,68998E+0	0,00000E+0	0,00000E+0	0,00000E+0
7,19000E-1	-2,68744E+0	0,00000E+0	0,00000E+0	0,00000E+0
7,20000E-1	-2,68489E+0	0,00000E+0	0,00000E+0	0,00000E+0
7,21000E-1	-2,68234E+0	0,00000E+0	0,00000E+0	0,00000E+0
7,22000E-1	-2,68744E+0	0,00000E+0	0,00000E+0	0,00000E+0
7,23000E-1	-2,67979E+0	0,00000E+0	0,00000E+0	0,00000E+0
7,24000E-1	-2,68107E+0	0,00000E+0	0,00000E+0	0,00000E+0
7,25000E-1	-2,68107E+0	0,00000E+0	0,00000E+0	0,00000E+0
7,26000E-1	-2,67979E+0	0,00000E+0	0,00000E+0	0,00000E+0
7,27000E-1	-2,68489E+0	0,00000E+0	0,00000E+0	0,00000E+0
7,28000E-1	-2,68362E+0	0,00000E+0	0,00000E+0	0,00000E+0
7,29000E-1	-2,67852E+0	0,00000E+0	0,00000E+0	0,00000E+0
7,30000E-1	-2,67597E+0	0,00000E+0	0,00000E+0	0,00000E+0
7,31000E-1	-2,67470E+0	0,00000E+0	0,00000E+0	0,00000E+0
7,32000E-1	-2,66961E+0	0,00000E+0	0,00000E+0	0,00000E+0
7,33000E-1	-2,66961E+0	0,00000E+0	0,00000E+0	0,00000E+0
7,34000E-1	-2,67725E+0	0,00000E+0	0,00000E+0	0,00000E+0
7,35000E-1	-2,67215E+0	0,00000E+0	0,00000E+0	0,00000E+0
7,36000E-1	-2,67088E+0	0,00000E+0	0,00000E+0	0,00000E+0
7,37000E-1	-2,67725E+0	0,00000E+0	0,00000E+0	0,00000E+0
7,38000E-1	-2,66706E+0	0,00000E+0	0,00000E+0	0,00000E+0
7,39000E-1	-2,66961E+0	0,00000E+0	0,00000E+0	0,00000E+0
7,40000E-1	-2,67088E+0	0,00000E+0	0,00000E+0	0,00000E+0
7,41000E-1	-2,66833E+0	0,00000E+0	0,00000E+0	0,00000E+0
7,42000E-1	-2,66451E+0	0,00000E+0	0,00000E+0	0,00000E+0
7,43000E-1	-2,66069E+0	0,00000E+0	0,00000E+0	0,00000E+0
7,44000E-1	-2,66706E+0	0,00000E+0	0,00000E+0	0,00000E+0
7,45000E-1	-2,65815E+0	0,00000E+0	0,00000E+0	0,00000E+0
7,46000E-1	-2,66451E+0	0,00000E+0	0,00000E+0	0,00000E+0
7,47000E-1	-2,66069E+0	0,00000E+0	0,00000E+0	0,00000E+0
7,48000E-1	-2,65815E+0	0,00000E+0	0,00000E+0	0,00000E+0
7,49000E-1	-2,66324E+0	0,00000E+0	0,00000E+0	0,00000E+0
7,50000E-1	-2,65560E+0	0,00000E+0	0,00000E+0	0,00000E+0
7,51000E-1	-2,65687E+0	0,00000E+0	0,00000E+0	0,00000E+0
7,52000E-1	-2,65815E+0	0,00000E+0	0,00000E+0	0,00000E+0
7,53000E-1	-2,65432E+0	0,00000E+0	0,00000E+0	0,00000E+0
7,54000E-1	-2,66069E+0	0,00000E+0	0,00000E+0	0,00000E+0
7,55000E-1	-2,65050E+0	0,00000E+0	0,00000E+0	0,00000E+0
7,56000E-1	-2,65432E+0	0,00000E+0	0,00000E+0	0,00000E+0
7,57000E-1	-2,65432E+0	0,00000E+0	0,00000E+0	0,00000E+0
7,58000E-1	-2,65178E+0	0,00000E+0	0,00000E+0	0,00000E+0
7,59000E-1	-2,64668E+0	0,00000E+0	0,00000E+0	0,00000E+0
7,60000E-1	-2,64923E+0	0,00000E+0	0,00000E+0	0,00000E+0
7,61000E-1	-2,65050E+0	0,00000E+0	0,00000E+0	0,00000E+0
7,62000E-1	-2,64159E+0	0,00000E+0	0,00000E+0	0,00000E+0
7,63000E-1	-2,64923E+0	0,00000E+0	0,00000E+0	0,00000E+0
7,64000E-1	-2,64414E+0	0,00000E+0	0,00000E+0	0,00000E+0
7,65000E-1	-2,64541E+0	0,00000E+0	0,00000E+0	0,00000E+0
7,66000E-1	-2,64796E+0	0,00000E+0	0,00000E+0	0,00000E+0
7,67000E-1	-2,64668E+0	0,00000E+0	0,00000E+0	0,00000E+0
7,68000E-1	-2,64414E+0	0,00000E+0	0,00000E+0	0,00000E+0
7,69000E-1	-2,63904E+0	0,00000E+0	0,00000E+0	0,00000E+0
7,70000E-1	-2,64032E+0	0,00000E+0	0,00000E+0	0,00000E+0
7,71000E-1	-2,64414E+0	0,00000E+0	0,00000E+0	0,00000E+0
7,72000E-1	-2,64286E+0	0,00000E+0	0,00000E+0	0,00000E+0
7,73000E-1	-2,64032E+0	0,00000E+0	0,00000E+0	0,00000E+0
7,74000E-1	-2,63650E+0	0,00000E+0	0,00000E+0	0,00000E+0
7,75000E-1	-2,63650E+0	0,00000E+0	0,00000E+0	0,00000E+0
7,76000E-1	-2,64032E+0	0,00000E+0	0,00000E+0	0,00000E+0
7,77000E-1	-2,63140E+0	0,00000E+0	0,00000E+0	0,00000E+0
7,78000E-1	-2,63777E+0	0,00000E+0	0,00000E+0	0,00000E+0
7,79000E-1	-2,63395E+0	0,00000E+0	0,00000E+0	0,00000E+0
7,80000E-1	-2,63140E+0	0,00000E+0	0,00000E+0	0,00000E+0
7,81000E-1	-2,63650E+0	0,00000E+0	0,00000E+0	0,00000E+0
7,82000E-1	-2,62886E+0	0,00000E+0	0,00000E+0	0,00000E+0
7,83000E-1	-2,63013E+0	0,00000E+0	0,00000E+0	0,00000E+0
7,84000E-1	-2,63268E+0	0,00000E+0	0,00000E+0	0,00000E+0
7,85000E-1	-2,63013E+0	0,00000E+0	0,00000E+0	0,00000E+0
7,86000E-1	-2,62631E+0	0,00000E+0	0,00000E+0	0,00000E+0
7,87000E-1	-2,62758E+0	0,00000E+0	0,00000E+0	0,00000E+0
7,88000E-1	-2,63013E+0	0,00000E+0	0,00000E+0	0,00000E+0
7,89000E-1	-2,62121E+0	0,00000E+0	0,00000E+0	0,00000E+0
7,90000E-1	-2,62758E+0	0,00000E+0	0,00000E+0	0,00000E+0
7,91000E-1	-2,62503E+0	0,00000E+0	0,00000E+0	0,00000E+0
7,92000E-1	-2,62121E+0	0,00000E+0	0,00000E+0	0,00000E+0
7,93000E-1	-2,62758E+0	0,00000E+0	0,00000E+0	0,00000E+0
7,94000E-1	-2,61994E+0	0,00000E+0	0,00000E+0	0,00000E+0
7,95000E-1	-2,61994E+0	0,00000E+0	0,00000E+0	0,00000E+0
7,96000E-1	-2,62249E+0	0,00000E+0	0,00000E+0	0,00000E+0
7,97000E-1	-2,61867E+0	0,00000E+0	0,00000E+0	0,00000E+0
7,98000E-1	-2,61357E+0	0,00000E+0	0,00000E+0	0,00000E+0
7,99000E-1	-2,61739E+0	0,00000E+0	0,00000E+0	0,00000E+0
8,00000E-1	-2,61867E+0	0,00000E+0	0,00000E+0	0,00000E+0
8,01000E-1	-2,60848E+0	0,00000E+0	0,00000E+0	0,00000E+0
8,02000E-1	-2,61485E+0	0,00000E+0	0,00000E+0	0,00000E+0
8,03000E-1	-2,61357E+0	0,00000E+0	0,00000E+0	0,00000E+0
8,04000E-1	-2,61103E+0	0,00000E+0	0,00000E+0	0,00000E+0
8,05000E-1	-2,61739E+0	0,00000E+0	0,00000E+0	0,00000E+0
8,06000E-1	-2,60848E+0	0,00000E+0	0,00000E+0	0,00000E+0
8,07000E-1	-2,60975E+0	0,00000E+0	0,00000E+0	0,00000E+0
8,08000E-1	-2,60211E+0	0,00000E+0	0,00000E+0	0,00000E+0
8,09000E-1	-2,60975E+0	0,00000E+0	0,00000E+0	0,00000E+0
8,10000E-1	-2,60466E+0	0,00000E+0	0,00000E+0	0,00000E+0
8,11000E-1	-2,60593E+0	0,00000E+0	0,00000E+0	0,00000E+0
8,12000E-1	-2,60848E+0	0,00000E+0	0,00000E+0	0,00000E+0
8,13000E-1	-2,59957E+0	0,00000E+0	0,00000E+0	0,00000E+0
8,14000E-1	-2,60593E+0	0,00000E+0	0,00000E+0	0,00000E+0
8,15000E-1	-2,60211E+0	0,00000E+0	0,00000E+0	0,00000E+0
8,16000E-1	-2,60339E+0	0,00000E+0	0,00000E+0	0,00000E+0
8,17000E-1	-2,60466E+0	0,00000E+0	0,00000E+0	0,00000E+0
8,18000E-1	-2,59447E+0	0,00000E+0	0,00000E+0	0,00000E+0
8,19000E-1	-2,60211E+0	0,00000E+0	0,00000E+0	0,00000E+0
8,20000E-1	-2,59829E+0	0,00000E+0	0,00000E+0	0,00000E+0
8,21000E-1	-2,59447E+0	0,00000E+0	0,00000E+0	0,00000E+0
8,22000E-1	-2,60211E+0	0,00000E+0	0,00000E+0	0,00000E+0
8,23000E-1	-2,59192E+0	0,00000E+0	0,00000E+0	0,00000E+0
8,24000E-1	-2,59702E+0	0,00000E+0	0,00000E+0	0,00000E+0
8,25000E-1	-2,59447E+0	0,00000E+0	0,00000E+0	0,00000E+0
8,26000E-1	-2,58938E+0	0,00000E+0	0,00000E+0	0,00000E+0
8,27000E-1	-2,59574E+0	0,00000E+0	0,00000E+0	0,00000E+0
8,28000E-1	-2,58683E+0	0,00000E+0	0,00000E+0	0,00000E+0
8,29000E-1	-2,59320E+0	0,00000E+0	0,00000E+0	0,00000E+0
8,30000E-1	-2,58810E+0	0,00000E+0	0,00000E+0	0,00000E+0
8,31000E-1	-2,58556E+0	0,00000E+0	0,00000E+0	0,00000E+0
8,32000E-1	-2,59320E+0	0,00000E+0	0,00000E+0	0,00000E+0
8,33000E-1	-2,59320E+0	0,00000E+0	0,00000E+0	0,00000E+0
8,34000E-1	-2,58810E+0	0,00000E+0	0,00000E+0	0,00000E+0
8,35000E-1	-2,58683E+0	0,00000E+0	0,00000E+0	0,00000E+0
8,36000E-1	-2,58683E+0	0,00000E+0	0,00000E+0	0,00000E+0
8,37000E-1	-2,58810E+0	0,00000E+0	0,00000E+0	0,00000E+0
8,38000E-1	-2,57919E+0	0,00000E+0	0,00000E+0	0,00000E+0
8,39000E-1	-2,58428E+0	0,00000E+0	0,00000E+0	0,00000E+0
8,40000E-1	-2,58301E+0	0,00000E+0	0,00000E+0	0,00000E+0
8,41000E-1	-2,58301E+0	0,00000E+0	0,00000E+0	0,00000E+0
8,42000E-1	-2,57537E+0	0,00000E+0	0,00000E+0	0,00000E+0
8,43000E-1	-2,57664E+0	0,00000E+0	0,00000E+0	0,00000E+0
8,44000E-1	-2,57919E+0	0,00000E+0	0,00000E+0	0,00000E+0
8,45000E-1	-2,57282E+0	0,00000E+0	0,00000E+0	0,00000E+0
8,46000E-1	-2,57919E+0	0,00000E+0	0,00000E+0	0,00000E+0
8,47000E-1	-2,57282E+0	0,00000E+0	0,00000E+0	0,00000E+0
8,48000E-1	-2,57027E+0	0,00000E+0	0,00000E+0	0,00000E+0
8,49000E-1	-2,57664E+0	0,00000E+0	0,00000E+0	0,00000E+0
8,50000E-1	-2,56773E+0	0,00000E+0	0,00000E+0	0,00000E+0
8,51000E-1	-2,57027E+0	0,00000E+0	0,00000E+0	0,00000E+0
8,52000E-1	-2,57155E+0	0,00000E+0	0,00000E+0	0,00000E+0
8,53000E-1	-2,56773E+0	0,00000E+0	0,00000E+0	0,00000E+0
8,54000E-1	-2,56645E+0	0,00000E+0	0,00000E+0	0,00000E+0
8,55000E-1	-2,56391E+0	0,00000E+0	0,00000E+0	0,00000E+0
8,56000E-1	-2,57027E+0	0,00000E+0	0,00000E+0	0,00000E+0
8,57000E-1	-2,56263E+0	0,00000E+0	0,00000E+0	0,00000E+0
8,58000E-1	-2,56645E+0	0,00000E+0	0,00000E+0	0,00000E+0
8,59000E-1	-2,56645E+0	0,00000E+0	0,00000E+0	0,00000E+0
8,60000E-1	-2,56391E+0	0,00000E+0	0,00000E+0	0,00000E+0
8,61000E-1	-2,56009E+0	0,00000E+0	0,00000E+0	0,00000E+0
8,62000E-1	-2,56009E+0	0,00000E+0	0,00000E+0	0,00000E+0
8,63000E-1	-2,56263E+0	0,00000E+0	0,00000E+0	0,00000E+0
8,64000E-1	-2,55372E+0	0,00000E+0	0,00000E+0	0,00000E+0
8,65000E-1	-2,56136E+0	0,00000E+0	0,00000E+0	0,00000E+0
8,66000E-1	-2,55754E+0	0,00000E+0	0,00000E+0	0,00000E+0
8,67000E-1	-2,55881E+0	0,00000E+0	0,00000E+0	0,00000E+0
8,68000E-1	-2,56136E+0	0,00000E+0	0,00000E+0	0,00000E+0
8,69000E-1	-2,55245E+0	0,00000E+0	0,00000E+0	0,00000E+0
8,70000E-1	-2,56009E+0	0,00000E+0	0,00000E+0	0,00000E+0
8,71000E-1	-2,55499E+0	0,00000E+0	0,00000E+0	0,00000E+0
8,72000E-1	-2,55117E+0	0,00000E+0	0,00000E+0	0,00000E+0
8,73000E-1	-2,54735E+0	0,00000E+0	0,00000E+0	0,00000E+0
8,74000E-1	-2,54481E+0	0,00000E+0	0,00000E+0	0,00000E+0
8,75000E-1	-2,55245E+0	0,00000E+0	0,00000E+0	0,00000E+0
8,76000E-1	-2,54226E+0	0,00000E+0	0,00000E+0	0,00000E+0
8,77000E-1	-2,54863E+0	0,00000E+0	0,00000E+0	0,00000E+0
8,78000E-1	-2,54481E+0	0,00000E+0	0,00000E+0	0,00000E+0
8,79000E-1	-2,54481E+0	0,00000E+0	0,00000E+0	0,00000E+0
8,80000E-1	-2,54735E+0	0,00000E+0	0,00000E+0	0,00000E+0
8,81000E-1	-2,53844E+0	0,00000E+0	0,00000E+0	0,00000E+0
8,82000E-1	-2,54481E+0	0,00000E+0	0,00000E+0	0,00000E+0
8,83000E-1	-2,53971E+0	0,00000E+0	0,00000E+0	0,00000E+0
8,84000E-1	-2,53589E+0	0,00000E+0	0,00000E+0	0,00000E+0
8,85000E-1	-2,54226E+0	0,00000E+0	0,00000E+0	0,00000E+0
8,86000E-1	-2,53334E+0	0,00000E+0	0,00000E+0	0,00000E+0
8,87000E-1	-2,53589E+0	0,00000E+0	0,00000E+0	0,00000E+0
8,88000E-1	-2,53844E+0	0,00000E+0	0,00000E+0	0,00000E+0
8,89000E-1	-2,53462E+0	0,00000E+0	0,00000E+0	0,00000E+0
8,90000E-1	-2,53080E+0	0,00000E+0	0,00000E+0	0,00000E+0
8,91000E-1	-2,53207E+0	0,00000E+0	0,00000E+0	0,00000E+0
8,92000E-1	-2,53334E+0	0,00000E+0	0,00000E+0	0,00000E+0
8,93000E-1	-2,52443E+0	0,00000E+0	0,00000E+0	0,00000E+0
8,94000E-1	-2,53207E+0	0,00000E+0	0,00000E+0	0,00000E+0
8,95000E-1	-2,54098E+0	0,00000E+0	0,00000E+0	0,00000E+0
8,96000E-1	-2,53080E+0	0,00000E+0	0,00000E+0	0,00000E+0
8,97000E-1	-2,53080E+0	0,00000E+0	0,00000E+0	0,00000E+0
8,98000E-1	-2,52316E+0	0,00000E+0	0,00000E+0	0,00000E+0
8,99000E-1	-2,53207E+0	0,00000E+0	0,00000E+0	0,00000E+0
9,00000E-1	-2,52698E+0	0,00000E+0	0,00000E+0	0,00000E+0
9,01000E-1	-2,52316E+0	0,00000E+0	0,00000E+0	0,00000E+0
9,02000E-1	-2,53080E+0	0,00000E+0	0,00000E+0	0,00000E+0
9,03000E-1	-2,52061E+0	0,00000E+0	0,00000E+0	0,00000E+0
9,04000E-1	-2,52698E+0	0,00000E+0	0,00000E+0	0,00000E+0
9,05000E-1	-2,52316E+0	0,00000E+0	0,00000E+0	0,00000E+0
9,06000E-1	-2,52316E+0	0,00000E+0	0,00000E+0	0,00000E+0
9,07000E-1	-2,52443E+0	0,00000E+0	0,00000E+0	0,00000E+0
9,08000E-1	-2,51424E+0	0,00000E+0	0,00000E+0	0,00000E+0
9,09000E-1	-2,51934E+0	0,00000E+0	0,00000E+0	0,00000E+0
9,10000E-1	-2,51679E+0	0,00000E+0	0,00000E+0	0,00000E+0
9,11000E-1	-2,51806E+0	0,00000E+0	0,00000E+0	0,00000E+0
9,12000E-1	-2,51806E+0	0,00000E+0	0,00000E+0	0,00000E+0
9,13000E-1	-2,50915E+0	0,00000E+0	0,00000E+0	0,00000E+0
9,14000E-1	-2,51552E+0	0,00000E+0	0,00000E+0	0,00000E+0
9,15000E-1	-2,51169E+0	0,00000E+0	0,00000E+0	0,00000E+0
9,16000E-1	-2,50787E+0	0,00000E+0	0,00000E+0	0,00000E+0
9,17000E-1	-2,51552E+0	0,00000E+0	0,00000E+0	0,00000E+0
9,18000E-1	-2,50405E+0	0,00000E+0	0,00000E+0	0,00000E+0
9,19000E-1	-2,51042E+0	0,00000E+0	0,00000E+0	0,00000E+0
9,20000E-1	-2,50533E+0	0,00000E+0	0,00000E+0	0,00000E+0
9,21000E-1	-2,50023E+0	0,00000E+0	0,00000E+0	0,00000E+0
9,22000E-1	-2,50660E+0	0,00000E+0	0,00000E+0	0,00000E+0
9,23000E-1	-2,49769E+0	0,00000E+0	0,00000E+0	0,00000E+0
9,24000E-1	-2,50278E+0	0,00000E+0	0,00000E+0	0,00000E+0
9,25000E-1	-2,50915E+0	0,00000E+0	0,00000E+0	0,00000E+0
9,26000E-1	-2,50023E+0	0,00000E+0	0,00000E+0	0,00000E+0
9,27000E-1	-2,50787E+0	0,00000E+0	0,00000E+0	0,00000E+0
9,28000E-1	-2,50151E+0	0,00000E+0	0,00000E+0	0,00000E+0
9,29000E-1	-2,49769E+0	0,00000E+0	0,00000E+0	0,00000E+0
9,30000E-1	-2,50278E+0	0,00000E+0	0,00000E+0	0,00000E+0
9,31000E-1	-2,49259E+0	0,00000E+0	0,00000E+0	0,00000E+0
9,32000E-1	-2,50023E+0	0,00000E+0	0,00000E+0	0,00000E+0
9,33000E-1	-2,49387E+0	0,00000E+0	0,00000E+0	0,00000E+0
9,34000E-1	-2,48750E+0	0,00000E+0	0,00000E+0	0,00000E+0
9,35000E-1	-2,49514E+0	0,00000E+0	0,00000E+0	0,00000E+0
9,36000E-1	-2,48113E+0	0,00000E+0	0,00000E+0	0,00000E+0
9,37000E-1	-2,48750E+0	0,00000E+0	0,00000E+0	0,00000E+0
9,38000E-1	-2,49387E+0	0,00000E+0	0,00000E+0	0,00000E+0
9,39000E-1	-2,48240E+0	0,00000E+0	0,00000E+0	0,00000E+0
9,40000E-1	-2,48495E+0	0,00000E+0	0,00000E+0	0,00000E+0
9,41000E-1	-2,48368E+0	0,00000E+0	0,00000E+0	0,00000E+0
9,42000E-1	-2,48495E+0	0,00000E+0	0,00000E+0	0,00000E+0
9,43000E-1	-2,48368E+0	0,00000E+0	0,00000E+0	0,00000E+0
9,44000E-1	-2,48240E+0	0,00000E+0	0,00000E+0	0,00000E+0
9,45000E-1	-2,47731E+0	0,00000E+0	0,00000E+0	0,00000E+0
9,46000E-1	-2,48368E+0	0,00000E+0	0,00000E+0	0,00000E+0
9,47000E-1	-2,47222E+0	0,00000E+0	0,00000E+0	0,00000E+0
9,48000E-1	-2,47731E+0	0,00000E+0	0,00000E+0	0,00000E+0
9,49000E-1	-2,48113E+0	0,00000E+0	0,00000E+0	0,00000E+0
9,50000E-1	-2,47094E+0	0,00000E+0	0,00000E+0	0,00000E+0
9,51000E-1	-2,47731E+0	0,00000E+0	0,00000E+0	0,00000E+0
9,52000E-1	-2,47094E+0	0,00000E+0	0,00000E+0	0,00000E+0
9,53000E-1	-2,47094E+0	0,00000E+0	0,00000E+0	0,00000E+0
9,54000E-1	-2,47222E+0	0,00000E+0	0,00000E+0	0,00000E+0
9,55000E-1	-2,47222E+0	0,00000E+0	0,00000E+0	0,00000E+0
9,56000E-1	-2,46840E+0	0,00000E+0	0,00000E+0	0,00000E+0
9,57000E-1	-2,47604E+0	0,00000E+0	0,00000E+0	0,00000E+0
9,58000E-1	-2,46458E+0	0,00000E+0	0,00000E+0	0,00000E+0
9,59000E-1	-2,46585E+0	0,00000E+0	0,00000E+0	0,00000E+0
9,60000E-1	-2,46712E+0	0,00000E+0	0,00000E+0	0,00000E+0
9,61000E-1	-2,46330E+0	0,00000E+0	0,00000E+0	0,00000E+0
9,62000E-1	-2,46712E+0	0,00000E+0	0,00000E+0	0,00000E+0
9,63000E-1	-2,45566E+0	0,00000E+0	0,00000E+0	0,00000E+0
9,64000E-1	-2,46203E+0	0,00000E+0	0,00000E+0	0,00000E+0
9,65000E-1	-2,46585E+0	0,00000E+0	0,00000E+0	0,00000E+0
9,66000E-1	-2,45566E+0	0,00000E+0	0,00000E+0	0,00000E+0
9,67000E-1	-2,46203E+0	0,00000E+0	0,00000E+0	0,00000E+0
9,68000E-1	-2,45693E+0	0,00000E+0	0,00000E+0	0,00000E+0
9,69000E-1	-2,45693E+0	0,00000E+0	0,00000E+0	0,00000E+0
9,70000E-1	-2,45693E+0	0,00000E+0	0,00000E+0	0,00000E+0
9,71000E-1	-2,45693E+0	0,00000E+0	0,00000E+0	0,00000E+0
9,72000E-1	-2,45184E+0	0,00000E+0	0,00000E+0	0,00000E+0
9,73000E-1	-2,45821E+0	0,00000E+0	0,00000E+0	0,00000E+0
9,74000E-1	-2,45693E+0	0,00000E+0	0,00000E+0	0,00000E+0
9,75000E-1	-2,45184E+0	0,00000E+0	0,00000E+0	0,00000E+0
9,76000E-1	-2,45693E+0	0,00000E+0	0,00000E+0	0,00000E+0
9,77000E-1	-2,44675E+0	0,00000E+0	0,00000E+0	0,00000E+0
9,78000E-1	-2,45184E+0	0,00000E+0	0,00000E+0	0,00000E+0
9,79000E-1	-2,44675E+0	0,00000E+0	0,00000E+0	0,00000E+0
9,80000E-1	-2,44929E+0	0,00000E+0	0,00000E+0	0,00000E+0
9,81000E-1	-2,44929E+0	0,00000E+0	0,00000E+0	0,00000E+0
9,82000E-1	-2,44802E+0	0,00000E+0	0,00000E+0	0,00000E+0
9,83000E-1	-2,44547E+0	0,00000E+0	0,00000E+0	0,00000E+0
9,84000E-1	-2,43911E+0	0,00000E+0	0,00000E+0	0,00000E+0
9,85000E-1	-2,44038E+0	0,00000E+0	0,00000E+0	0,00000E+0
9,86000E-1	-2,44547E+0	0,00000E+0	0,00000E+0	0,00000E+0
9,87000E-1	-2,44165E+0	0,00000E+0	0,00000E+0	0,00000E+0
9,88000E-1	-2,43656E+0	0,00000E+0	0,00000E+0	0,00000E+0
9,89000E-1	-2,44293E+0	0,00000E+0	0,00000E+0	0,00000E+0
9,90000E-1	-2,43019E+0	0,00000E+0	0,00000E+0	0,00000E+0
9,91000E-1	-2,43656E+0	0,00000E+0	0,00000E+0	0,00000E+0
9,92000E-1	-2,43146E+0	0,00000E+0	0,00000E+0	0,00000E+0
9,93000E-1	-2,43274E+0	0,00000E+0	0,00000E+0	0,00000E+0
9,94000E-1	-2,43274E+0	0,00000E+0	0,00000E+0	0,00000E+0
9,95000E-1	-2,43274E+0	0,00000E+0	0,00000E+0	0,00000E+0
9,96000E-1	-2,42764E+0	0,00000E+0	0,00000E+0	0,00000E+0
9,97000E-1	-2,43401E+0	0,00000E+0	0,00000E+0	0,00000E+0
9,98000E-1	-2,43401E+0	0,00000E+0	0,00000E+0	0,00000E+0
9,99000E-1	-2,42637E+0	0,00000E+0	0,00000E+0	0,00000E+0
